200 289
198 288
197 287
197 286
198 285
200 285
201 285
201 285
200 286
199 287
198 287
198 287
198 287
198 287
198 287
198 287
198 287
199 287
200 287
201 287
202 287
203 287
202 287
200 288
199 288
198 288
198 287
198 287
198 287
198 287
198 287
198 287
198 287
198 287
198 287
199 287
200 287
200 287
200 288
200 289
199 289
199 290
199 289
199 289
199 288
199 288
198 287
198 287
198 286
198 286
198 287
198 287
198 288
198 288
198 288
198 288
198 288
198 288
198 288
198 288
198 288
198 288
198 288
198 288
198 288
198 288
198 288
198 287
198 287
198 287
197 287
197 287
197 287
197 286
197 287
197 288
198 289
199 289
200 289
200 288
199 287
198 287
197 287
197 287
197 287
197 287
197 287
196 287
195 287
194 287
195 287
196 287
197 288
198 289
197 290
196 291
194 292
193 291
193 291
192 290
191 290
190 291
190 291
190 291
191 291
192 291
192 291
192 291
191 291
191 291
190 291
190 291
190 291
190 291
190 291
189 291
189 292
188 292
188 292
187 292
186 292
184 292
184 292
184 293
185 293
186 293
187 293
187 293
186 293
185 293
184 293
184 293
185 293
185 292
186 292
185 293
185 294
184 294
186 294
187 296
188 297
188 297
188 296
188 297
188 297
188 299
189 299
190 301
191 301
191 303
191 303
191 304
191 304
189 306
188 307
187 308
187 308
188 310
197 307
221 297
248 283
252 284
237 293
214 307
203 311
195 315
189 316
186 318
185 319
184 321
185 322
183 324
183 324
183 325
183 325
182 326
182 328
182 330
182 331
182 331
181 332
180 333
177 334
176 336
175 336
175 337
174 339
173 341
172 341
172 339
170 340
170 341
169 343
169 343
168 345
166 346
165 347
163 348
161 348
161 350
161 351
163 353
163 353
163 353
162 353
159 354
157 356
156 358
156 359
152 360
148 360
143 360
141 361
138 362
138 362
139 360
138 360
137 360
137 361
139 360
140 358
142 357
142 357
143 356
141 356
141 356
139 356
140 356
139 355
139 353
137 352
136 351
137 350
137 349
137 347
136 346
137 345
138 345
139 344
139 344
137 343
135 342
132 341
131 340
130 339
131 337
130 335
129 335
128 335
128 336
129 335
127 335
127 334
125 333
126 331
125 330
125 328
124 328
124 326
123 325
121 325
118 326
118 325
117 324
116 321
115 320
115 319
115 319
115 318
116 317
118 316
116 316
115 315
114 314
115 311
113 310
113 309
113 307
113 305
112 303
112 301
112 302
112 301
110 302
110 300
109 299
110 297
111 296
111 296
110 297
109 297
109 298
109 297
109 296
110 294
109 294
108 293
106 293
108 292
108 293
109 294
109 294
109 293
111 292
113 290
115 289
116 287
117 285
118 283
120 281
122 279
124 277
127 275
130 271
133 267
136 262
137 258
139 255
142 251
146 246
151 241
156 235
163 230
166 225
