437 136
437 134
438 134
439 134
440 134
440 134
440 134
440 134
439 134
438 134
437 134
438 134
439 134
440 134
440 134
440 134
440 134
440 134
440 134
440 134
439 134
437 135
435 135
434 135
434 135
434 135
434 135
434 135
435 135
436 135
437 135
437 135
436 135
435 136
434 137
435 137
436 137
437 136
437 135
437 134
437 134
437 134
437 135
437 135
437 136
437 136
437 136
437 136
437 136
436 136
435 136
434 135
433 135
434 136
435 136
436 136
437 136
437 136
438 136
438 136
437 136
435 136
433 136
432 136
432 136
433 136
434 136
436 136
437 136
438 136
437 136
436 136
436 136
435 136
435 136
435 136
435 135
435 135
436 134
436 134
436 134
436 135
436 135
436 135
436 135
436 135
436 135
436 135
436 135
436 135
435 135
435 136
435 136
435 137
434 136
432 136
431 136
431 136
431 136
432 136
432 136
432 137
432 137
433 137
433 136
434 136
434 136
434 136
434 136
434 136
434 136
433 136
432 136
430 136
429 136
429 136
430 136
431 136
432 136
433 136
433 136
433 136
434 136
434 136
434 136
433 137
434 137
434 138
433 138
431 139
429 140
428 140
429 140
431 139
434 138
435 138
436 138
436 138
437 139
439 141
441 143
443 145
445 146
446 147
448 148
450 148
453 149
456 150
458 151
459 152
459 153
458 154
459 155
460 156
461 157
462 158
463 159
464 160
465 161
467 162
469 163
471 164
473 165
475 166
475 167
475 168
475 169
476 170
477 171
479 172
480 173
481 174
482 175
483 176
484 177
485 178
486 179
487 180
488 181
490 181
492 182
493 183
495 184
496 185
496 186
496 187
497 188
498 189
500 190
503 191
505 192
506 193
507 194
508 195
508 196
509 197
511 198
514 200
518 201
520 202
521 203
523 204
525 205
527 207
529 208
532 209
535 211
538 213
541 214
542 215
542 216
543 217
544 219
547 220
549 221
550 222
551 223
553 224
557 225
560 225
562 226
563 227
564 228
565 229
567 230
569 231
571 231
573 232
575 232
576 232
577 233
578 234
581 235
584 236
587 237
588 237
590 238
591 239
591 239
591 240
590 240
590 240
591 240
592 240
593 240
594 240
595 241
596 242
596 242
596 242
596 242
596 242
595 242
594 243
593 243
592 243
590 243
589 242
589 241
589 240
589 240
589 240
589 240
589 241
589 241
589 242
590 242
591 242
591 242
589 242
588 241
587 241
587 241
588 242
589 242
589 242
588 242
587 242
586 242
586 242
587 243
587 243
588 244
589 244
590 244
590 244
590 244
590 243
591 243
591 243
591 243
589 243
586 243
584 242
583 242
584 242
586 242
588 243
588 243
587 243
584 242
581 241
580 240
580 240
582 240
584 240
585 240
587 240
589 240
591 240
593 239
594 238
596 237
598 236
600 235
604 235
607 234
611 234
614 233
616 231
617 227
621 225
619 219
635 224
