279 142
279 142
279 142
279 142
279 142
279 142
279 142
279 142
279 142
279 142
279 142
279 142
279 142
279 142
279 142
279 142
279 142
279 142
279 142
279 142
279 142
278 141
278 141
278 141
278 141
278 141
278 141
278 141
277 141
277 141
277 141
277 141
277 141
277 141
277 141
277 141
277 141
277 141
277 142
277 143
277 143
277 143
277 143
277 143
277 143
277 143
276 143
276 143
276 144
276 144
275 148
275 148
275 148
275 148
274 154
274 154
274 157
274 157
274 160
273 166
273 168
273 172
273 176
272 178
272 178
271 184
270 186
269 189
269 192
268 197
267 200
266 202
265 204
265 205
264 206
262 207
260 208
258 208
257 208
256 211
255 212
254 212
255 212
255 212
255 212
255 212
255 212
256 214
257 214
258 214
258 215
258 215
258 215
258 215
258 216
258 216
259 216
260 216
264 220
265 222
267 222
268 222
268 222
270 222
272 221
273 221
271 221
272 221
271 221
270 221
266 221
263 221
260 221
259 221
258 221
257 221
256 221
255 221
253 221
252 221
252 221
252 221
251 221
246 221
246 221
240 224
238 225
236 228
236 230
236 231
237 232
237 232
236 233
235 233
215 237
215 238
215 239
203 241
202 241
202 241
201 240
201 240
203 234
203 232
204 231
205 218
207 213
207 209
207 204
206 199
206 196
205 192
204 188
200 183
196 180
194 176
191 174
189 172
189 172
191 172
199 172
203 171
205 171
207 171
213 171
217 171
221 171
224 169
227 169
227 169
230 170
230 170
228 171
228 173
228 174
228 174
228 175
228 175
225 175
224 175
224 175
224 175
222 176
222 176
222 176
221 176
221 178
221 178
221 178
222 183
222 185
222 187
222 189
220 190
218 191
217 191
216 192
214 192
211 194
211 194
210 197
209 197
209 199
209 199
210 199
210 199
210 199
209 199
209 200
209 200
206 201
206 201
204 200
202 199
201 199
200 201
199 201
199 201
199 201
193 203
193 203
193 203
190 204
188 204
187 204
176 205
172 205
170 206
169 207
161 207
159 207
159 208
153 209
150 209
147 210
147 210
144 210
142 210
137 209
135 206
132 205
128 201
127 199
125 197
123 196
119 191
118 188
118 186
117 184
117 180
118 179
118 179
118 179
118 179
121 182
121 183
122 183
127 189
128 192
129 192
129 194
129 196
129 196
129 197
129 197
129 199
131 199
131 200
132 200
132 201
133 201
137 201
137 201
137 200
140 201
142 202
148 206
150 206
156 212
158 212
160 212
166 215
170 218
172 218
173 218
191 224
197 227
197 227
205 232
210 236
212 236
213 236
212 236
215 236
216 240
216 240
216 240
216 240
216 240
216 240
216 240
216 240
216 240
216 240
216 240
216 240
216 240
216 240
216 240
236 237
237 238
238 237
241 237
244 237
244 234
241 233
240 234
239 234
237 234
237 234
239 234
239 234
239 234
241 234
241 234
240 234
240 234
240 234
242 234
244 234
244 235
244 235
244 235
243 235
243 237
241 238
240 238
240 238
237 239
237 239
234 240
233 240
232 241
231 241
230 243
230 243
230 243
230 243
230 243
230 242
229 242
227 242
226 242
226 242
223 242
222 243
217 243
215 243
215 243
215 243
215 243
214 244
214 244
214 244
213 244
213 244
213 244
211 245
210 245
209 245
205 244
203 244
203 244
203 244
203 244
202 244
202 244
202 243
202 242
202 241
202 241
202 241
202 240
202 240
201 240
199 240
196 240
193 240
192 240
191 240
190 240
