193 218
193 218
193 217
193 217
193 217
193 217
194 217
194 217
193 217
193 217
192 218
192 218
192 218
192 218
192 218
192 218
192 218
192 218
192 219
192 219
191 219
191 219
191 219
191 219
191 219
191 219
192 218
192 218
193 217
193 217
193 217
193 217
193 217
193 217
193 217
193 217
193 217
193 217
192 216
192 216
192 215
192 215
191 215
191 215
191 215
191 215
192 215
192 215
191 216
191 216
191 218
191 218
191 218
191 218
192 218
192 218
192 217
192 217
192 217
192 217
193 216
193 216
195 216
195 216
193 216
193 216
193 217
193 217
190 214
190 214
191 213
191 213
192 212
192 212
190 213
190 213
188 214
188 214
186 215
186 215
186 215
186 215
186 215
186 215
188 215
188 215
189 214
189 214
190 213
190 213
190 213
190 213
190 213
190 213
190 213
190 213
191 213
191 213
191 213
191 213
190 214
190 214
189 214
189 214
187 215
187 215
188 215
188 215
190 214
190 214
189 215
189 215
190 215
190 215
190 215
190 215
189 215
189 215
189 215
189 215
189 215
189 215
189 215
189 215
189 215
189 215
188 215
188 215
188 215
188 215
187 214
187 214
188 214
188 214
196 217
196 217
196 216
196 216
196 216
196 216
197 216
197 216
197 218
197 218
197 218
197 218
197 217
197 217
196 218
196 218
195 218
195 218
195 218
195 218
195 219
195 219
194 219
194 219
193 218
193 218
193 218
193 218
195 217
195 217
196 217
196 217
196 216
196 216
195 217
195 217
195 217
195 217
195 218
195 218
195 218
195 218
196 218
196 218
196 219
196 219
196 218
196 218
197 217
197 217
198 216
198 216
198 214
198 214
200 213
200 213
199 213
199 213
199 214
199 214
196 217
196 217
196 217
196 217
196 218
196 218
197 218
197 218
198 218
198 218
199 217
199 217
198 217
198 217
199 216
199 216
196 217
196 217
197 217
197 217
197 219
197 219
198 220
198 220
199 219
199 219
198 220
198 220
199 219
199 219
199 219
199 219
199 219
199 219
198 220
198 220
198 220
198 220
205 223
205 223
204 224
204 224
198 221
198 221
198 221
198 221
198 221
198 221
199 220
199 220
199 220
199 220
197 219
197 219
196 218
196 218
196 218
196 218
198 216
198 216
198 215
198 215
196 215
196 215
196 215
196 215
197 216
197 216
196 218
196 218
197 217
197 217
194 219
194 219
195 218
195 218
195 218
195 218
201 221
201 221
210 224
210 224
210 225
210 225
208 223
208 223
206 218
206 218
203 217
203 217
198 217
198 217
197 216
197 216
188 214
188 214
194 218
194 218
195 217
195 217
197 216
197 216
202 217
202 217
203 216
203 216
200 216
200 216
197 216
197 216
194 214
194 214
189 214
189 214
192 215
192 215
197 215
197 215
213 222
213 222
222 222
222 222
219 220
219 220
219 218
219 218
217 210
217 210
199 193
199 193
195 193
195 193
207 216
207 216
210 220
210 220
216 222
216 222
213 220
213 220
219 220
219 220
227 223
227 223
219 219
219 219
215 217
215 217
222 225
222 225
218 224
218 224
221 227
221 227
231 226
231 226
239 227
239 227
240 225
240 225
233 222
233 222
235 225
235 225
239 225
239 225
235 225
235 225
235 225
235 225
232 222
232 222
234 220
234 220
241 224
241 224
242 224
242 224
242 225
242 225
242 223
242 223
245 224
245 224
242 221
242 221
241 217
241 217
249 217
249 217
248 221
248 221
246 216
246 216
242 216
242 216
241 216
241 216
236 216
236 216
232 215
232 215
243 218
243 218
244 215
244 215
256 218
256 218
262 220
262 220
260 218
260 218
260 220
260 220
263 222
263 222
263 221
263 221
265 223
265 223
268 225
268 225
265 224
265 224
261 224
261 224
268 230
268 230
275 233
275 233
275 232
275 232
281 236
281 236
285 241
285 241
284 242
284 242
284 243
284 243
284 243
284 243
279 243
279 243
285 243
285 243
286 241
286 241
292 242
292 242
292 243
292 243
290 247
290 247
280 251
280 251
277 257
277 257
273 262
273 262
280 268
280 268
285 272
285 272
284 273
284 273
289 276
289 276
290 276
290 276
290 278
290 278
297 280
297 280
296 280
296 280
296 282
296 282
300 286
300 286
300 287
300 287
304 290
304 290
310 292
310 292
311 293
311 293
312 293
312 293
312 294
312 294
312 293
312 293
313 292
313 292
312 293
312 293
314 294
314 294
316 295
316 295
316 295
316 295
318 296
318 296
319 296
319 296
320 298
320 298
317 296
317 296
318 297
318 297
323 299
323 299
317 300
317 300
322 302
322 302
326 305
326 305
326 307
326 307
331 307
331 307
326 306
326 306
328 307
328 307
332 308
332 308
335 307
335 307
338 307
338 307
339 306
339 306
337 306
337 306
335 306
335 306
334 307
334 307
335 307
335 307
336 308
336 308
338 309
338 309
333 307
333 307
338 308
338 308
340 308
340 308
341 309
341 309
338 308
338 308
339 309
339 309
339 308
339 308
335 307
335 307
335 307
335 307
335 308
335 308
334 307
334 307
334 309
334 309
330 309
330 309
330 309
330 309
336 310
336 310
338 310
338 310
339 310
339 310
334 309
334 309
337 310
337 310
336 311
336 311
336 312
336 312
335 312
335 312
337 312
337 312
337 312
337 312
337 312
337 312
333 311
333 311
329 308
329 308
332 309
332 309
328 309
328 309
329 309
329 309
330 311
330 311
327 311
327 311
328 311
328 311
326 311
326 311
328 311
328 311
334 309
334 309
331 308
331 308
330 307
330 307
332 311
332 311
331 310
331 310
337 310
337 310
331 310
331 310
329 309
329 309
332 310
332 310
329 308
329 308
322 308
322 308
337 308
337 308
341 310
341 310
337 308
337 308
335 311
335 311
355 318
355 318
337 312
337 312
346 313
346 313
337 312
337 312
334 312
334 312
342 313
342 313
334 312
334 312
338 314
338 314
340 314
340 314
340 314
340 314
340 314
340 314
340 314
340 314
341 315
341 315
339 315
339 315
339 316
339 316
339 316
339 316
338 317
338 317
339 316
339 316
342 317
342 317
344 316
344 316
341 315
341 315
341 316
341 316
342 316
342 316
339 316
339 316
336 316
336 316
337 314
337 314
337 315
337 315
337 315
337 315
337 315
337 315
339 316
339 316
341 317
341 317
343 316
343 316
343 317
343 317
337 319
337 319
337 319
337 319
336 320
336 320
333 320
333 320
330 320
330 320
325 320
325 320
327 321
327 321
329 321
329 321
335 321
335 321
335 319
335 319
337 320
337 320
326 321
326 321
337 321
337 321
340 322
340 322
343 321
343 321
342 322
342 322
345 321
345 321
342 320
342 320
337 320
