437 136
437 134
439 134
440 135
441 135
441 135
441 135
441 135
441 135
440 135
437 135
437 135
438 135
440 135
442 135
442 135
441 135
440 135
440 135
441 135
443 135
439 135
436 136
433 137
434 136
435 135
434 135
433 135
436 135
436 135
438 136
440 137
438 136
436 136
434 137
434 138
435 139
438 137
439 135
437 134
437 134
438 134
439 135
438 136
437 137
437 137
437 137
437 137
437 137
438 137
436 137
434 136
433 135
433 136
434 137
436 137
438 137
438 137
438 136
439 136
441 136
437 136
434 137
432 137
430 137
431 137
434 137
437 137
438 137
439 137
441 137
437 137
435 137
436 137
436 136
435 136
436 136
435 136
436 135
437 134
437 134
438 135
437 136
436 137
437 136
438 135
437 135
436 135
436 135
436 135
436 135
436 136
435 137
436 138
436 138
434 137
431 136
430 136
431 136
433 136
433 136
433 137
433 138
433 138
434 138
435 136
435 136
435 136
435 136
435 136
435 136
435 136
435 136
430 136
428 136
429 136
430 136
431 136
432 136
434 136
434 136
434 136
434 136
435 136
437 136
433 137
433 138
434 139
436 138
434 139
428 142
428 142
426 142
429 140
436 138
437 138
437 138
437 138
437 138
438 140
442 144
444 147
447 148
447 149
448 149
449 149
452 149
457 149
459 151
462 153
462 154
460 156
458 156
458 156
462 157
463 159
463 160
464 161
466 162
468 163
468 164
471 166
474 166
478 166
477 167
477 168
475 169
474 171
476 173
480 172
481 173
482 174
483 175
484 176
485 177
485 178
485 180
488 182
488 182
489 182
493 182
493 183
496 184
496 185
499 186
497 188
497 189
498 189
500 190
502 192
507 193
509 194
508 195
509 196
509 197
509 198
509 198
513 200
518 202
523 204
524 204
523 204
524 205
527 207
530 209
531 210
534 211
539 213
542 216
546 217
545 216
542 217
542 219
547 221
550 222
553 223
551 224
551 225
555 226
561 226
565 226
564 227
565 228
565 229
567 230
570 231
571 232
572 233
576 233
580 233
578 233
578 234
579 236
583 238
588 238
591 238
591 238
591 239
593 240
593 241
590 241
590 241
591 241
592 241
593 241
596 241
596 241
597 242
598 244
596 244
596 243
597 243
598 243
596 243
592 243
592 245
592 245
589 243
588 241
588 240
591 240
591 240
589 240
591 241
588 242
589 243
590 242
591 243
594 244
591 243
589 242
587 241
585 241
588 243
589 243
590 242
591 242
587 242
587 242
585 242
586 243
589 244
588 245
588 244
590 245
593 246
591 245
589 244
590 243
592 243
594 243
592 243
588 243
583 243
581 243
582 242
584 242
588 243
592 244
590 245
588 244
581 242
577 240
577 239
581 240
584 240
587 241
587 241
589 241
591 241
594 241
595 239
596 237
597 236
600 236
603 235
607 235
613 235
615 234
619 234
621 231
618 225
619 219
635 224
635 224
636 222
637 220
638 219
640 219
641 219
642 219
643 219
643 218
644 217
644 217
643 217
644 217
643 216
642 215
641 214
640 214
640 214
640 214
638 213
638 213
637 212
636 212
635 212
634 211
633 210
632 209
631 208
630 207
629 207
628 206
616 202
616 201
620 202
620 202
621 203
623 205
620 204
618 205
616 205
614 206
614 208
612 207
609 205
606 206
604 206
600 205
600 206
603 208
604 210
