217 110
217 110
217 109
216 109
216 109
216 109
216 109
216 109
216 109
216 109
216 109
216 109
216 109
216 109
216 109
216 109
216 109
216 109
216 109
216 109
216 109
216 109
216 109
216 109
216 109
216 109
216 109
216 109
216 109
216 109
216 109
216 109
216 109
216 109
216 109
216 109
216 109
216 109
216 109
216 109
216 109
216 109
215 110
215 110
215 110
215 110
215 110
215 110
215 110
215 110
215 110
215 110
215 110
215 110
215 110
215 110
215 110
215 110
215 110
215 110
215 110
215 110
215 110
215 110
215 110
215 110
215 110
215 110
215 110
215 110
215 110
215 110
215 110
215 110
215 110
215 110
215 110
215 110
215 110
215 110
215 110
215 110
215 110
215 110
215 110
215 110
215 110
215 110
215 110
215 110
215 110
215 110
215 110
215 110
215 110
213 110
213 110
213 111
213 111
213 111
212 111
212 111
212 111
212 111
212 111
212 111
212 111
211 111
210 111
210 111
210 111
210 111
210 111
210 111
210 111
210 111
210 111
210 111
209 111
209 111
209 111
209 111
209 111
209 111
209 111
209 111
209 111
209 111
209 111
209 111
210 111
211 111
212 111
213 111
213 111
214 111
215 111
216 111
217 111
218 111
219 111
220 111
223 114
224 115
225 116
226 117
227 118
229 118
230 119
231 120
231 120
233 119
234 120
235 121
236 122
238 122
238 122
239 122
240 123
241 124
241 124
242 125
243 126
243 126
244 127
245 128
246 129
247 129
247 129
247 129
248 130
249 131
250 132
251 133
251 133
251 133
252 134
252 134
253 135
254 136
255 137
255 137
256 138
257 137
258 136
258 136
259 137
259 138
260 137
261 137
262 137
263 137
264 138
265 139
266 140
267 140
267 140
268 141
269 142
269 142
271 143
272 142
272 143
274 144
275 145
276 144
277 145
278 145
278 145
279 146
280 147
279 148
278 149
277 148
276 147
275 147
274 148
273 147
272 148
271 149
270 149
271 149
272 149
271 148
271 149
269 149
267 149
264 149
262 148
260 149
258 149
256 149
254 149
253 149
252 149
251 149
250 149
249 149
248 149
247 149
246 149
245 149
244 149
241 147
239 147
238 147
235 146
233 146
231 146
230 146
229 146
226 146
225 145
224 145
223 145
223 144
222 145
221 144
220 145
219 144
218 143
217 143
214 143
212 143
211 143
209 143
208 143
209 143
208 142
209 142
209 142
209 142
209 142
209 142
209 143
210 142
211 142
212 141
212 141
212 141
212 141
213 140
213 140
213 140
213 140
213 140
213 140
213 140
214 140
215 139
215 139
215 139
215 139
215 139
215 139
215 139
215 139
215 139
215 139
215 139
215 139
215 139
215 139
215 139
215 139
226 133
226 133
226 133
227 133
232 132
240 130
242 129
244 128
247 126
250 123
253 121
255 119
259 115
260 114
264 111
268 106
273 102
277 99
280 96
281 95
281 95
284 94
287 93
290 90
292 89
292 89
293 90
292 90
293 90
293 90
293 90
293 90
293 90
293 90
292 91
291 92
292 91
291 90
291 91
291 91
291 91
292 91
293 91
294 91
294 91
294 91
294 91
294 91
294 91
294 91
294 91
294 91
294 91
294 91
294 91
295 93
294 94
294 95
294 96
294 97
293 100
293 100
293 101
292 102
291 103
290 104
290 107
290 108
290 109

