293 81
291 81
291 81
292 81
293 81
294 81
294 81
294 81
294 81
294 81
294 81
294 81
293 81
292 81
291 81
291 81
291 81
291 81
291 81
291 81
291 81
291 81
291 81
291 81
291 81
291 81
291 81
291 81
291 81
291 81
291 81
291 81
291 81
291 81
291 81
291 81
291 81
291 81
291 81
291 81
291 81
291 81
291 81
291 81
291 81
291 81
291 81
291 81
291 81
291 81
291 81
291 81
291 81
291 81
291 81
291 81
291 81
291 81
291 81
291 81
291 81
291 81
291 81
291 81
291 81
291 81
291 81
291 81
291 81
291 81
291 81
291 81
291 81
291 81
291 81
291 81
291 81
291 81
291 81
291 81
291 81
291 81
291 81
291 81
291 81
291 81
291 81
291 81
291 81
291 81
291 81
291 81
291 81
291 81
290 81
289 81
288 81
288 81
288 81
288 81
288 81
288 81
288 81
288 81
288 81
288 81
288 81
288 81
288 81
287 81
286 81
285 81
285 81
285 81
285 81
285 81
286 81
287 81
288 81
288 81
288 81
288 81
288 81
288 81
288 81
288 81
288 81
288 81
288 81
289 81
290 81
291 81
292 81
293 81
294 81
295 81
296 81
297 81
297 81
297 82
298 83
300 84
302 85
304 86
305 87
306 87
307 87
308 87
309 88
310 89
311 90
312 91
313 92
315 93
317 93
319 93
319 93
319 93
320 94
321 95
322 96
323 97
324 98
325 99
326 100
327 101
328 101
329 101
330 101
331 101
332 102
333 103
334 104
334 105
334 105
334 105
335 105
336 106
337 107
338 108
339 109
340 109
341 109
342 109
344 109
346 109
347 109
348 109
349 110
350 111
351 112
352 112
353 112
354 113
355 114
357 115
359 116
361 117
362 118
363 118
364 118
365 118
366 118
368 118
370 119
371 120
372 121
373 122
375 123
377 124
378 125
379 125
380 125
381 125
383 125
385 125
387 125
389 125
390 125
391 125
392 125
394 125
396 125
397 125
398 126
399 127
400 128
402 128
404 128
406 128
407 128
408 128
409 128
410 128
411 128
412 128
413 128
414 128
415 128
416 128
417 128
418 128
419 128
420 128
420 128
420 128
420 128
420 128
420 128
420 128
420 128
420 128
420 128
420 128
420 128
421 128
422 128
423 128
423 128
423 128
423 128
423 128
423 127
423 126
423 125
423 125
423 126
424 127
425 128
426 127
427 126
427 125
427 125
427 125
427 125
427 125
427 125
428 125
429 125
430 125
431 125
432 125
432 125
432 125
432 125
432 125
432 125
432 125
432 125
432 125
433 125
434 125
435 125
436 125
436 125
436 125
436 125
436 125
436 125
436 125
436 125
436 125
436 125
436 125
436 125
437 124
438 123
439 122
441 122
444 122
447 122
450 120
451 118
452 117
454 116
457 115
461 113
465 110
467 108
469 106
472 104
476 101
481 98
486 95
489 93
491 91
493 90
495 89
498 88
501 88
502 88
503 88
504 88
505 88
506 88
506 88
506 88
506 88
506 88
506 88
506 88
506 88
506 88
506 88
505 87
504 86
503 85
502 84
502 84
502 84
502 84
502 84
502 84
502 84
502 84
502 84
502 84
501 84
500 85
499 86
499 87
499 88
499 89
499 90
499 91
498 92
497 93
496 94
495 95
494 96
493 97
492 98
492 99
492 100
