176 165
175 165
174 165
174 165
174 165
175 165
176 165
176 165
174 164
172 163
171 162
171 162
171 162
171 162
171 162
171 162
170 162
169 162
168 162
168 162
168 163
167 164
166 164
165 164
164 164
164 164
164 164
164 164
164 164
163 164
162 164
161 164
160 164
160 164
160 164
160 165
160 166
159 167
158 168
157 168
157 168
157 168
156 168
155 168
154 168
153 169
152 170
152 171
152 172
152 173
152 174
151 175
150 176
149 177
148 179
147 181
146 183
145 186
144 189
143 192
143 195
143 199
143 203
142 207
140 209
138 212
136 215
134 218
132 221
130 226
128 231
126 234
124 236
122 238
120 240
118 241
116 242
112 243
108 244
104 245
101 246
98 246
96 246
94 246
92 246
90 247
88 248
86 249
84 250
80 251
76 251
73 251
71 251
67 252
63 253
60 254
58 255
55 256
52 257
49 258
46 258
42 257
38 256
34 255
31 254
27 254
23 254
19 255
16 256
13 257
10 258
7 259
2 257
0 257
-2 257
-3 258
-5 258
-7 259
-8 260
-10 260
-11 261
-11 262
-11 263
-10 264
-10 265
-11 265
-12 265
-12 266
-12 267
-13 268
-12 269
-10 270
-9 269
-6 269
-5 270
-4 271
-3 272
-1 272
2 271
5 270
12 267
22 262
27 259
31 255
35 251
39 244
38 241
40 236
44 231
49 224
53 218
55 214
55 211
55 207
54 203
53 200
52 198
51 196
51 196
52 197
54 198
57 199
61 199
65 199
69 199
73 199
75 199
75 199
75 200
75 201
75 202
75 203
75 204
75 205
75 206
75 207
75 208
75 209
75 209
75 209
75 209
76 210
76 211
76 212
76 213
76 215
76 217
76 219
76 221
74 223
72 225
71 225
70 225
69 226
68 227
67 228
67 229
67 230
68 231
69 231
70 231
71 231
71 231
71 231
71 231
71 231
71 231
71 231
71 231
71 232
71 233
71 234
71 234
71 234
70 234
69 234
68 234
68 235
68 236
68 237
68 237
68 237
67 237
66 237
65 237
64 238
63 239
62 240
61 241
58 241
55 241
53 241
51 241
49 241
47 241
46 241
45 241
43 239
41 237
39 235
37 233
33 231
29 229
26 227
25 225
24 221
23 217
23 214
24 212
25 211
26 211
27 212
28 213
28 215
28 217
27 219
26 222
25 226
23 230
21 233
19 235
17 237
15 239
13 240
11 241
10 242
9 243
9 243
8 243
6 243
4 243
4 243
3 243
2 244
1 246
1 248
1 250
1 252
1 254
1 256
1 258
2 260
3 262
3 264
4 266
6 268
8 270
10 271
12 272
15 273
17 274
19 275
21 276
23 276
25 276
27 276
28 275
29 274
30 273
31 272
32 272
33 272
34 272
35 271
36 270
38 269
40 268
42 267
44 266
45 265
46 264
46 263
46 262
47 261
49 260
51 259
53 259
55 259
57 259
59 259
61 259
63 259
63 259
63 259
63 260
63 261
63 262
63 263
63 264
61 265
59 266
58 267
57 267
56 267
55 267
54 267
54 267
54 268
54 269
54 270
54 271
54 271
53 271
52 271
51 271
51 271
51 271
51 271
51 271
51 271
51 271
51 271
51 271
50 271
49 271
48 271
48 271
49 271
50 271
51 270
50 269
49 268
49 268
49 268
49 268
49 268
49 268
49 268
49 268
50 268
51 267
51 266
51 265
51 264
51 263
51 263
51 263
51 263
50 263
49 263
48 263
47 263
46 263
45 263
44 262
43 261
41 260
39 260
37 260
35 260
34 260