340 140
340 141
340 140
340 140
340 140
340 140
340 140
340 140
340 140
340 140
340 140
340 140
340 140
340 140
340 140
340 140
340 140
340 140
340 140
340 140
340 140
340 140
340 140
340 140
340 140
340 140
341 140
341 140
341 140
341 140
342 140
342 140
342 140
342 140
342 140
342 140
342 140
342 140
342 140
342 140
342 140
343 140
343 141
344 141
344 141
344 141
344 142
344 143
345 144
345 145
345 146
345 147
345 148
345 150
345 152
345 154
346 156
346 158
346 160
346 163
346 166
346 168
346 171
346 174
346 177
346 181
345 184
345 186
345 189
345 192
344 195
344 197
344 199
344 200
344 201
344 203
344 204
344 205
344 206
345 206
347 207
349 207
351 208
353 209
355 210
356 210
357 210
358 210
359 210
360 210
360 210
361 210
362 210
364 210
365 210
367 210
369 210
371 210
373 210
374 210
375 209
375 208
375 207
375 206
374 206
373 205
372 205
371 205
370 205
369 205
368 205
367 205
367 205
367 205
366 205
366 205
366 205
366 205
366 205
366 205
366 205
366 205
366 205
365 206
364 208
362 210
361 212
360 213
358 215
354 216
350 218
345 220
342 222
339 224
337 224
336 225
336 225
336 225
336 225
336 225
336 225
336 225
336 225
336 225
336 225
336 225
336 225
336 225
336 225
336 225
336 225
336 225
324 217
309 206
290 193
281 187
274 182
269 178
266 176
264 174
263 173
262 173
262 172
262 172
263 172
264 172
266 172
267 172
268 172
269 172
269 172
270 172
270 172
270 172
270 172
270 172
270 172
270 172
270 172
271 172
271 172
271 172
271 172
271 173
271 174
270 175
270 176
269 177
269 178
269 179
270 180
271 181
272 181
274 182
276 182
278 183
280 183
281 183
283 183
284 183
286 184
287 184
288 184
289 184
290 184
291 184
291 184
292 184
292 184
292 184
291 184
290 184
289 184
288 184
288 184
287 184
286 184
285 184
284 185
282 186
279 187
277 187
275 188
274 188
273 188
272 188
271 188
271 188
271 188
271 188
271 188
271 188
271 188
271 188
271 188
271 188
271 188
271 188
271 188
262 188
251 189
238 189
231 188
225 186
221 183
218 181
216 179
215 177
214 174
214 173
214 172
214 172
214 172
213 172
212 173
210 175
208 177
206 180
204 182
203 184
202 185
202 186
202 187
202 187
202 187
202 187
202 187
202 187
202 187
203 187
204 187
208 187
213 186
219 186
223 186
226 186
229 187
231 188
233 189
234 191
235 192
237 194
238 195
239 197
239 198
240 199
241 200
243 201
245 203
247 205
248 206
249 207
250 208
250 209
251 209
252 209
253 209
254 210
255 210
257 210
260 210
264 210
268 210
271 210
274 210
277 210
280 210
283 210
285 210
288 210
290 210
292 210
293 210
295 210
298 210
301 210
303 210
305 210
307 210
309 210
310 210
311 210
313 210
315 210
316 210
317 210
317 211
317 212
317 212
317 212
317 212
318 213
319 214
320 215
320 216
320 216
320 216
321 217
322 218
323 219
324 219
326 219
329 219
332 219
334 219
338 219
342 220
347 220
349 220
351 221
353 221
354 221
356 221
358 221
360 221
362 221
363 221
365 221
367 221
369 221
371 221
373 221
375 221
376 221
378 221
382 221
387 221
392 221
395 222
398 222
401 223
405 224
410 225
414 226
417 226
420 226
422 226
425 227
428 227
430 227
433 227
436 227
440 227
443 227
447 227
450 227
453 227
455 227
457 227
458 228
463 228
