173 71
173 71
173 71
173 71
173 71
173 71
173 71
173 71
173 71
173 71
173 71
173 71
172 71
172 71
172 71
172 71
172 71
172 71
172 71
172 71
172 71
172 71
172 71
172 71
172 71
172 71
172 71
172 71
172 71
172 71
172 71
172 71
172 71
172 71
172 71
172 71
172 71
172 71
172 71
172 71
172 71
172 71
172 71
172 71
172 71
172 71
172 71
172 71
172 71
172 71
172 71
172 71
172 71
172 71
172 71
171 71
171 71
171 71
171 71
171 71
171 71
171 71
171 71
171 71
171 71
171 71
171 71
171 72
171 72
171 72
171 72
171 72
171 72
171 72
171 72
171 72
171 72
171 72
171 72
171 72
171 72
171 72
171 72
171 72
171 72
171 72
171 72
171 72
171 72
171 72
171 72
171 72
171 72
171 72
171 72
171 72
171 72
169 72
168 72
167 72
167 72
167 72
167 72
167 72
167 72
167 72
167 72
166 72
166 72
166 72
165 72
165 72
165 72
165 72
165 72
165 72
165 73
165 73
166 72
166 72
166 72
167 72
167 72
167 72
167 72
167 72
168 72
168 72
168 72
169 72
169 72
169 72
171 72
171 72
173 72
174 72
175 73
177 74
177 74
178 74
180 74
182 74
183 74
185 75
186 75
187 76
189 76
191 76
192 77
194 78
195 78
196 78
198 79
200 79
201 80
203 81
203 83
205 84
207 84
209 85
210 86
211 87
211 87
212 87
213 88
214 90
215 90
216 91
216 92
217 92
218 92
218 93
219 93
219 94
221 95
222 96
223 96
224 96
225 97
227 98
228 98
229 98
230 98
232 98
233 99
234 99
234 99
236 99
238 100
240 100
243 100
246 101
245 101
248 101
249 101
251 102
252 102
254 102
255 104
257 104
259 106
260 107
261 107
261 107
262 108
263 109
264 110
265 111
266 111
267 111
267 113
268 114
268 114
267 115
266 116
266 116
266 116
267 116
268 115
270 116
272 116
274 117
273 117
271 117
268 116
265 116
263 116
262 117
261 118
261 118
261 119
261 119
260 119
260 120
260 120
260 120
258 121
258 121
257 122
257 123
257 123
257 123
258 123
259 123
260 123
260 123
260 123
259 123
259 123
259 123
259 123
258 123
259 122
259 122
258 123
256 122
255 123
254 124
253 124
254 125
254 124
254 124
254 124
254 124
254 124
254 124
254 124
255 124
255 124
255 124
255 124
255 124
256 123
256 124
256 124
256 124
256 123
256 123
257 123
258 122
258 122
258 122
258 122
258 122
257 121
257 121
257 122
257 122
257 122
258 121
259 121
259 121
259 121
259 121
259 121
259 121
259 121
260 120
261 119
261 119
262 118
262 118
262 118
263 117
263 117
264 116
264 116
266 117
267 116
270 115
272 114
275 112
275 112
277 109
280 107
284 105
288 102
291 98
292 99
295 96
299 92
302 88
302 88
309 81
309 81
312 77
315 75
316 75
319 72
320 72
321 72
322 72
323 72
324 72
325 72
326 71
326 71
326 71
326 71
326 71
326 71
326 71
327 70
327 70
327 70
326 69
325 68
325 68
325 68
325 68
325 68
325 68
324 68
324 68
324 68
323 67
323 67
322 67
322 67
322 67
322 67
322 68
322 69
322 71
322 73
320 75
320 74
320 77
319 79
319 81
318 82
318 84
318 84
318 84