193 218
193 218
193 217
193 217
193 217
193 217
193 217
193 217
192 217
192 217
192 217
192 217
192 217
192 217
192 217
192 217
192 217
192 218
191 218
191 218
191 218
191 218
191 218
191 218
191 218
191 218
191 217
192 217
192 217
192 217
192 217
192 217
192 217
192 217
192 217
192 217
192 216
192 216
192 215
192 215
191 215
191 215
191 215
191 215
191 215
191 215
191 215
191 215
191 216
191 216
191 217
191 217
191 217
191 217
191 217
191 217
191 217
191 217
191 216
192 216
192 216
193 216
193 216
193 216
193 216
193 216
192 216
191 215
190 214
190 213
190 213
191 212
191 212
190 212
189 212
189 213
188 213
187 214
186 214
186 214
186 214
186 214
186 214
186 214
187 214
187 214
188 213
188 213
189 213
189 213
189 213
189 213
189 213
189 213
189 213
190 213
190 213
190 213
190 213
190 213
189 213
189 213
188 213
188 214
187 214
187 214
188 214
188 214
189 214
189 214
189 214
189 214
189 214
189 214
189 214
189 214
189 214
189 214
189 214
189 214
189 214
189 214
189 214
189 214
188 214
188 214
188 214
188 214
187 214
187 214
187 214
187 214
189 214
191 215
193 215
194 215
195 215
195 215
195 215
196 215
196 216
196 216
196 217
196 217
196 217
196 217
196 217
196 217
195 217
195 217
195 217
195 217
195 217
195 218
194 218
194 218
193 218
193 218
193 218
193 218
193 217
193 217
194 217
194 217
195 216
195 216
195 216
195 216
195 216
195 216
195 216
195 217
195 217
195 217
195 217
195 217
195 217
195 218
195 218
195 218
195 217
196 217
196 216
197 216
197 215
197 215
198 214
198 213
199 213
199 213
199 213
199 213
198 214
197 215
196 216
196 216
196 216
196 217
196 217
196 217
196 217
197 217
197 217
198 217
198 217
198 217
198 216
198 216
198 216
197 216
196 216
196 216
196 217
196 217
196 218
197 218
197 219
198 219
198 219
198 219
198 219
198 219
198 219
198 219
198 219
198 219
198 219
198 219
198 219
198 219
199 220
201 221
202 222
203 222
202 222
201 222
199 221
198 221
198 221
198 221
198 220
198 220
198 220
198 220
198 219
197 219
197 218
196 218
196 218
196 218
196 217
196 217
197 216
197 215
197 215
196 215
196 215
196 215
196 215
196 215
196 216
196 216
196 217
196 217
196 217
195 217
194 218
194 218
194 218
194 218
195 218
197 219
200 220
203 221
206 222
207 223
208 223
208 223
207 222
207 220
205 219
204 218
202 217
201 217
199 216
198 216
195 215
193 215
191 215
192 216
193 216
193 216
194 216
195 216
197 216
198 216
200 216
201 216
201 216
201 216
199 216
198 216
197 215
196 215
194 214
192 214
191 214
191 214
192 214
193 214
198 216
202 217
209 219
213 220
217 220
218 220
218 219
218 219
218 216
217 214
213 208
209 203
203 198
200 196
200 199
201 204
205 211
206 214
209 217
211 219
213 220
213 220
214 220
215 220
218 220
221 221
222 221
221 220
219 219
217 218
217 219
218 220
219 222
219 223
219 224
219 225
222 225
224 225
229 225
232 226
235 226
237 225
237 224
236 223
234 223
234 223
235 224
236 224
236 224
236 224
235 224
235 224
234 224
233 223
233 222
233 221
235 221
236 222
239 223
240 223
241 223
241 224
241 224
241 223
242 223
243 223
243 223
243 222
242 220
241 219
242 218
244 217
246 218
247 218
247 218
246 217
245 216
244 216
242 216
242 216
240 216
239 216
236 215
235 215
235 215
237 216
240 216
241 216
245 216
248 216
253 217
256 218
258 218
259 218
259 218
259 218
260 219
261 220
262 220
262 220
263 221
263 221
264 222
265 223
266 223
265 223
264 223
263 223
263 224
264 226
267 228
269 230
272 231
273 231
275 232
277 233
279 235
281 237
282 239
283 240
283 241
283 241
283 242
283 242
282 242
281 242
281 242
282 242
283 242
284 241
286 241
288 241
290 241
290 242
290 243
290 244
288 246
285 247
282 250
280 252
277 255
276 257
275 260
276 263
279 266
281 268
282 270
283 271
284 272
285 273
287 274
288 275
289 275
289 276
291 277
292 278
294 279
295 279
295 280
295 280
296 282
297 283
298 284
299 285
300 286
301 287
303 289
305 290
307 291
308 291
309 292
310 292
311 292
311 293
311 293
311 293
311 292
312 292
312 292
312 292
312 292
312 293
313 293
314 294
315 294
315 294
316 294
316 295
317 295
317 295
318 296
318 296
318 296
318 296
317 296
317 296
318 297
319 297
320 298
319 298
319 299
319 300
321 301
322 302
324 304
324 305
326 306
327 306
328 306
327 306
327 306
327 306
328 306
329 307
331 307
332 307
334 307
335 307
336 306
337 306
337 306
337 306
336 306
336 306
335 306
334 306
334 306
334 306
334 306
335 307
335 307
336 308
336 308
335 307
335 307
335 307
337 307
338 307
339 307
339 308
339 308
339 308
338 308
338 308
338 308
338 308
337 307
336 307
335 307
335 307
335 307
335 307
334 307
334 307
334 307
334 307
333 308
332 308
331 308
330 308
331 308
332 309
334 309
335 309
336 309
337 309
337 309
336 309
335 309
335 309
336 309
336 310
336 310
336 311
335 311
335 311
335 311
335 311
336 311
336 311
336 311
336 311
335 311
334 311
332 310
331 309
330 308
330 308
330 308
329 308
328 308
328 308
328 309
329 309
328 310
328 310
327 310
327 310
327 310
326 310
326 310
326 310
328 310
330 309
331 309
331 308
330 308
330 307
330 308
330 308
331 309
331 309
332 309
333 309
334 309
333 309
331 309
330 309
330 309
330 309
330 309
330 308
328 308
326 308
327 308
329 308
334 308
336 308
337 308
337 308
336 308
336 309
339 311
344 313
346 314
343 313
341 312
342 312
342 312
340 312
338 312
336 312
336 312
338 312
338 312
337 312
336 312
336 312
337 313
338 313
339 313
339 313
339 313
339 313
339 313
339 313
339 313
340 314
340 314
339 314
339 314
339 315
339 315
339 315
338 315
338 316
338 316
338 316
339 316
340 316
341 316
342 316
342 315
342 315
341 315
341 315
341 315
341 315
341 315
340 315
339 315
338 315
337 315
337 314
337 314
337 314
337 314
337 314
337 314
337 314
337 314
337 315
338 315
339 316
340 316
341 316
342 316
342 316
341 317
340 317
338 318
337 318
337 318
336 319
335 319
334 319
333 319
332 319
330 319
328 319
327 319
326 320
327 320
327 320
329 320
331 320
333 320
333 319
334 319
335 319
333 319
331 320
330 320
332 320
335 320
336 321
338 321
340 321
341 321
341 321
342 321
343 321
343 320
343 320
341 320
342 320
337 320
