336 332
336 332
336 332
336 332
336 331
336 331
336 331
336 331
336 331
336 331
336 331
336 332
336 332
336 333
336 333
336 334
336 334
336 334
336 334
336 335
336 335
336 336
336 336
336 336
336 336
336 337
336 337
336 338
336 339
337 339
337 339
338 340
338 340
339 341
339 341
339 341
339 341
339 342
340 342
340 342
341 342
341 342
342 342
342 342
342 340
341 337
340 334
339 332
338 331
336 330
335 329
334 327
334 324
332 321
331 318
329 317
327 317
326 318
325 319
325 321
325 322
325 323
325 323
325 323
325 323
325 323
325 323
325 323
325 323
325 323
325 323
321 326
318 330
313 334
312 337
309 340
308 343
305 345
303 346
299 347
295 348
292 351
290 356
288 360
287 363
286 365
285 366
284 367
283 367
283 368
283 368
282 369
281 369
280 370
279 370
279 371
279 371
279 372
279 374
278 375
277 376
275 376
274 376
272 376
270 376
269 376
267 376
264 376
262 375
259 375
258 375
256 375
255 375
254 375
252 374
251 374
250 373
250 374
250 374
250 374
251 374
251 374
251 374
251 374
251 374
251 374
251 373
250 372
248 371
245 370
244 370
243 372
243 375
243 379
244 383
244 384
245 384
244 384
244 383
243 380
241 375
237 368
232 360
224 350
216 340
209 333
205 327
202 321
200 314
199 307
199 301
200 293
202 285
207 277
214 272
226 266
239 262
252 259
261 258
269 259
274 260
277 261
280 261
282 261
285 261
287 261
288 262
289 264
288 266
288 268
286 269
286 271
286 272
287 273
288 274
289 275
291 277
293 278
295 278
298 278
301 278
304 279
306 280
308 281
309 283
311 285
312 287
312 289
312 291
312 294
311 296
311 299
311 301
311 303
311 304
312 305
313 306
315 306
317 307
319 308
321 308
323 309
325 309
326 309
328 310
329 310
330 311
332 311
333 311
333 311
332 312
330 314
328 315
325 317
323 318
319 320
317 322
314 324
313 325
313 325
312 324
311 324
311 323
311 323
312 323
312 323
312 323
312 323
312 322
311 322
310 321
307 320
302 318
296 316
290 314
284 312
279 311
275 310
272 309
268 306
265 303
262 299
259 296
256 292
253 289
252 286
251 284
251 282
251 280
251 278
251 277
251 278
251 279
251 280
251 282
250 282
248 283
247 282
246 282
245 282
244 282
243 282
243 281
242 280
242 279
241 279
241 279
240 280
240 281
239 281
238 281
235 279
231 276
227 274
224 273
221 273
219 273
216 273
215 272
213 269
213 267
213 265
214 264
215 264
217 264
219 263
220 263
221 263
222 264
223 265
224 266
225 267
226 267
227 267
227 267
227 267
227 267
227 267
227 267
227 267
227 267
227 267
227 267
227 267
227 267
227 267
227 267
231 264
235 261
241 257
243 255
245 254
246 253
247 252
248 251
249 250
251 249
253 248
254 247
256 247
257 248
259 248
260 250
261 252
261 255
261 258
261 260
261 261
261 261
262 261
262 261
263 262
265 263
268 264
270 265
272 266
274 268
276 269
277 270
278 271
278 271
279 272
280 273
282 274
284 275
287 275
289 276
293 277
297 279
302 281
305 282
307 283
308 283
310 283
311 284
313 284
315 284
318 285
321 284
324 286
328 286
331 288
333 289
335 290
338 291
340 292
342 293
342 293
343 294
344 294
345 294
346 295
347 295
349 295
350 295
351 297
351 298
351 300
351 301
351 302
351 302
351 302
350 302
350 301
349 301
348 302
346 303
344 305
341 306
339 309
336 310
