102 82
102 82
102 82
102 82
102 82
102 82
102 82
102 82
102 82
102 82
102 82
102 82
102 82
102 82
102 82
102 82
102 82
102 82
102 82
102 82
102 82
102 82
102 82
102 82
102 82
102 82
102 82
102 82
102 82
102 82
102 82
102 82
102 82
102 82
102 82
102 82
102 82
102 82
102 82
102 82
102 82
102 82
102 82
102 82
102 82
104 82
105 82
105 82
105 82
105 81
105 81
105 81
105 81
104 81
104 81
104 81
104 81
103 81
103 81
103 81
103 81
103 81
102 81
102 81
102 81
101 81
101 81
100 81
99 81
99 81
99 81
98 81
98 81
99 81
100 81
101 81
101 81
101 81
101 81
101 81
102 81
102 81
102 81
102 81
102 81
102 81
102 81
102 81
102 81
101 81
101 81
101 81
101 81
101 81
100 81
100 81
100 81
99 81
99 81
98 81
98 81
98 81
98 81
98 81
97 81
97 81
97 81
97 81
96 81
96 81
96 81
96 81
96 81
96 81
96 81
96 81
96 81
96 81
96 81
96 81
96 81
96 81
97 82
97 82
98 82
98 82
98 82
98 82
99 82
99 82
100 82
101 82
101 82
102 82
104 82
105 82
106 82
107 82
108 82
110 82
111 82
113 82
116 83
118 84
118 84
120 84
122 85
124 85
126 85
128 86
128 86
130 86
132 86
133 87
135 88
137 88
136 88
138 89
140 89
141 89
143 90
144 90
144 90
146 91
147 91
148 92
149 93
151 93
151 93
152 93
153 94
155 94
156 95
157 96
158 96
160 96
161 98
163 99
165 99
167 99
167 99
169 99
172 99
174 99
176 99
180 99
181 99
183 99
186 99
190 100
193 102
196 103
196 103
198 104
199 104
201 105
202 105
203 106
203 106
205 106
206 107
208 107
209 107
210 107
210 108
211 108
212 108
213 109
215 109
215 109
216 110
216 110
216 110
214 109
212 109
211 108
210 108
209 108
208 108
207 108
207 108
207 108
207 108
207 108
207 108
207 108
208 108
209 108
209 108
209 108
209 108
208 107
207 107
207 107
207 107
207 107
206 107
205 107
205 107
205 107
205 107
205 107
205 107
203 107
202 107
203 108
203 108
203 108
203 108
203 108
202 109
202 109
202 109
202 109
201 109
200 109
199 109
199 109
199 109
199 109
196 111
196 112
196 112
196 112
196 112
196 112
197 113
199 115
199 115
200 119
200 119
200 120
200 120
202 121
203 122
204 121
204 121
203 121
204 121
204 121
204 120
202 117
202 117
204 105
207 100
208 97
210 97
210 101
210 100
212 102
214 104
215 104
216 105
217 105
217 106
216 106
216 106
216 109
216 112
216 114
216 113
216 115
216 117
217 117
220 121
224 123
224 123
227 125
230 124
232 123
233 121
234 120
235 119
237 117
241 114
245 111
250 108
252 103
252 103
256 101
257 95
260 91
264 87
268 84
268 84
271 82
274 79
277 78
279 77
281 76
281 75
284 74
285 74
287 74
288 73
291 74
289 74
290 74
290 74
291 72
291 72
292 72
292 72
293 69
293 68
293 68
293 67
293 67
293 67
293 65
293 65
293 65
293 64
293 63
293 64
293 64
293 64
293 64
293 64
293 65
293 66
293 66
293 66
295 62
296 63
296 62
296 62
296 62
297 62
296 64
296 65
296 65
296 68
296 68