710 253
710 253
709 254
709 254
708 255
708 255
707 255
706 255
706 255
706 256
705 256
705 257
704 257
704 258
704 258
704 258
703 258
703 257
703 257
703 256
704 256
704 256
703 256
703 256
702 256
702 256
701 255
700 255
699 254
698 254
696 254
696 254
695 254
694 254
694 254
694 255
693 255
693 256
692 256
691 257
690 257
690 257
690 256
690 256
690 254
690 253
690 252
690 252
690 252
690 252
691 252
691 252
692 252
692 252
693 253
693 253
693 254
693 254
693 254
692 254
692 253
692 253
692 253
692 253
693 254
693 254
694 253
694 253
694 252
694 252
694 251
694 250
693 251
693 251
693 253
693 254
693 256
693 256
693 257
693 257
693 257
693 257
692 257
692 257
692 256
692 256
692 255
692 254
692 254
692 254
692 254
692 254
692 254
692 254
692 254
693 254
693 254
693 254
693 254
693 254
693 254
694 255
694 255
695 256
695 256
695 256
694 256
694 256
693 256
693 256
692 256
692 256
692 256
692 256
692 256
692 257
692 257
692 257
691 257
691 258
691 258
691 258
692 257
692 257
693 256
693 256
694 256
694 256
695 256
695 256
695 256
694 256
693 256
693 256
692 256
692 257
692 257
692 257
691 257
691 257
690 256
691 256
691 256
692 256
692 256
692 256
692 256
692 257
692 257
692 257
692 257
692 257
691 257
691 257
691 257
691 257
691 258
691 259
691 260
691 260
691 260
691 259
691 258
691 258
691 257
691 256
691 256
691 256
691 257
691 257
691 258
691 258
691 258
691 258
691 258
691 258
691 258
691 258
691 258
691 258
690 258
690 258
690 257
690 257
689 257
689 257
688 257
688 257
688 257
688 257
688 257
688 257
688 257
689 257
689 257
689 257
689 257
689 257
689 257
689 257
689 257
689 256
689 255
689 255
689 254
689 254
688 254
688 254
688 255
688 256
688 257
688 258
688 258
688 258
688 258
689 258
689 257
689 257
689 256
689 256
689 256
689 256
689 256
689 256
689 257
689 257
690 257
690 257
691 257
691 257
691 257
691 257
690 257
690 257
690 257
690 258
689 258
689 258
688 258
688 258
688 258
688 259
687 259
687 259
686 259
686 260
684 260
683 261
682 261
682 261
681 261
681 261
680 261
680 261
679 261
679 261
679 261
679 260
679 259
679 257
679 256
680 255
680 255
680 255
680 256
680 257
680 259
679 260
679 262
678 262
678 263
678 263
678 263
678 263
678 263
678 263
678 262
678 262
676 261
675 261
672 260
671 259
669 257
668 256
666 255
665 255
664 255
663 255
663 256
662 256
661 257
661 258
659 259
658 261
656 262
656 263
654 264
653 265
652 265
652 265
652 265
652 264
653 264
653 264
654 265
654 265
654 266
654 266
654 266
654 266
654 265
654 264
653 263
653 263
652 263
651 263
650 263
649 263
648 266
648 269
648 278
648 285
649 294
649 298
647 293
645 286
643 275
643 271
643 267
643 266
643 264
643 263
643 261
643 260
642 258
642 257
641 257
641 257
640 258
639 258
639 258
638 258
638 258
638 258
637 257
637 257
636 256
636 256
633 257
629 259
624 260
622 261
620 261
619 261
617 262
617 263
615 263
614 263
613 264
612 265
611 266
610 267
608 268
606 268
604 270
603 271
601 273
601 274
600 274
599 274
598 274
598 274
597 274
597 274
596 274
596 275
594 275
593 275
592 275
591 275
590 275
589 276
588 276
587 275
587 275
587 276
586 276
585 276
584 276
584 277
584 278
584 279
584 280
583 280
583 280
583 280
582 280
582 280
581 279
582 279
581 278
581 279
580 279
580 278
580 278
580 277
581 277
581 276
582 276
582 275
582 275
582 274
582 273
582 273
582 272
582 272
582 272
582 272
582 272
582 273
583 272
583 271
584 270
584 270
585 269
585 269
584 268
584 268
584 268
584 268
584 268
584 268
584 268
584 267
584 267
583 266
583 266
582 265
582 265
582 265
582 264
581 263
580 262
579 261
579 261
579 260
578 259
577 258
576 257
575 256
575 256
574 256
573 255
573 255
572 255
572 255
571 255
571 256
571 256
571 256
572 255
572 254
572 253
572 252
572 251
572 250
571 249
571 249
570 249
570 248
569 248
568 248
567 247
567 247
566 246
565 246
564 245
563 245
563 244
562 244
562 244
562 244
562 244
562 244
562 244
562 244
562 244
563 244
563 244
563 244
563 244
563 244
563 244
563 244
563 244
563 243
562 243
561 243
560 243
559 244
559 245
559 245
559 246
559 246
559 247
559 247
558 247
558 247
557 247
557 247
556 247
556 247
556 247
556 247
556 248
556 248
556 248
557 249
557 249
557 250
557 250
557 251
557 251
557 252
556 252
556 253
556 253
556 253
555 252
555 252
555 252
555 252
554 253
554 254
554 255
554 255
553 255
553 255
552 255
552 255
552 255
552 255
553 255
553 255
553 254
553 254
553 253
553 253
553 253
554 253
554 253
555 254
555 253
555 253
555 252
555 251
554 251
554 250
553 249
552 249
551 248
551 248
550 247
550 247
549 247
549 247
548 246
547 246
546 245
546 245
545 245
546 244
546 243
545 243
545 242
545 242
544 241
543 240
541 238
540 237
538 235
537 234
535 231
534 229
532 226
531 224
531 223
531 222
530 220
530 219
529 217
529 216
529 215
529 215
529 215
529 215
528 214
528 214
527 213
526 213
526 213
526 213
527 213
527 213
528 213
528 213
528 213
528 213
528 213
529 213
529 212
529 212
529 211
529 211
529 210
530 210
530 210
529 210
528 210
528 210
527 211
527 211
528 211
529 212
530 212
530 212
530 211
530 211
529 211
528 211
527 211
526 212
526 212
526 212
528 212
529 213
530 214
529 215
528 216
527 216
526 216
525 217
525 218
525 219
525 220
525 220
525 220
526 221
527 221
527 221
528 220
528 220
527 220
527 220
527 220
527 220
527 220
527 220
527 220
526 220
526 220
526 221
526 221
526 221
526 221
526 221
526 221
526 221
526 221
526 222
526 222
526 223
526 223
525 223
525 223
525 223
526 223
526 224
527 224
527 224
526 224
526 224
526 224
526 224
526 224
526 224
526 224
526 224
526 224
526 224
526 223
527 223
527 222
527 222
526 222
526 222
525 222
525 222
524 222
524 223
524 223
524 224
524 224
524 225
524 225
524 225
524 225
524 226
524 226
525 226
526 227
527 228
527 230
527 231
528 232
529 232
530 233
530 234
530 235
530 236
530 237
530 237
530 238
530 239
531 240
531 241
532 241
533 241
534 241
535 241
536 241
536 241
536 241
537 242
537 242
537 242
538 242
539 243
540 243
540 243
541 243
541 243
541 243
540 243
539 243
539 243
539 244
