279 144
280 144
280 144
280 144
280 144
280 144
280 144
280 144
280 144
280 144
280 144
280 144
280 144
280 144
280 144
280 144
279 144
279 144
279 144
279 144
279 144
279 144
279 144
279 144
279 144
279 144
278 144
278 144
278 144
278 144
278 144
278 144
278 144
278 144
278 144
278 144
278 144
278 144
278 144
278 144
278 144
278 144
277 144
277 144
277 144
277 144
277 144
277 144
277 144
277 144
277 145
276 146
276 146
276 146
276 146
276 146
276 146
276 146
276 146
276 146
276 146
276 146
276 146
276 146
276 146
276 146
276 146
276 146
276 146
276 146
276 146
276 147
276 148
276 149
276 150
276 151
276 151
276 151
276 152
275 154
275 155
275 156
274 157
274 158
274 159
274 160
274 160
274 163
274 168
274 171
274 172
274 174
274 177
272 178
273 182
272 183
272 183
272 183
270 187
270 190
269 192
269 194
269 194
269 196
267 200
267 201
267 201
265 204
265 206
265 207
265 208
265 210
263 211
262 212
262 212
261 213
260 214
258 214
258 214
258 214
258 214
258 214
259 214
260 215
260 215
260 215
258 215
258 215
257 216
257 216
257 216
257 216
258 217
258 217
258 217
258 217
258 217
258 217
258 217
259 218
258 219
258 219
259 219
260 220
260 220
260 222
261 223
262 224
264 226
266 225
268 225
268 225
268 225
269 225
271 226
272 225
272 225
273 224
273 223
272 222
271 221
270 220
269 221
268 222
267 222
267 222
264 222
261 223
259 223
257 223
256 223
255 223
254 224
253 224
251 225
251 226
251 226
250 226
249 226
248 226
247 227
246 228
246 228
245 228
244 228
243 228
242 227
241 226
236 231
234 233
235 233
236 234
235 235
236 235
236 235
237 236
237 238
236 238
235 238
234 239
222 241
220 243
216 243
214 246
213 246
212 246
211 246
203 244
202 245
200 244
201 244
200 241
202 242
205 238
205 232
204 230
205 230
208 223
207 219
208 215
207 212
207 211
207 209
206 205
204 202
205 199
204 196
204 194
203 192
201 189
200 187
196 182
194 180
193 181
194 181
192 178
193 176
194 178
194 178
194 178
197 178
199 178
204 175
208 171
212 173
213 173
214 173
215 173
218 175
220 173
222 175
225 174
225 171
225 172
226 171
226 173
227 172
227 174
228 174
228 175
228 176
227 174
227 175
227 175
228 176
227 177
225 178
222 176
222 177
222 177
222 177
224 175
222 177
221 180
222 180
221 180
220 181
220 181
221 182
221 182
218 186
219 187
218 188
218 188
220 188
222 190
219 193
219 193
220 194
222 194
220 196
218 196
216 198
213 201
212 202
206 200
206 200
206 199
205 201
203 203
203 204
202 206
202 206
202 206
201 207
201 206
201 208
200 210
200 210
201 209
201 210
204 208
204 206
206 206
206 204
205 205
201 204
200 204
201 204
201 204
201 204
200 205
197 206
196 206
196 206
195 206
195 206
194 206
194 206
193 207
193 207
192 207
191 207
190 207
186 208
182 208
181 208
179 208
177 208
172 210
168 210
166 212
164 211
161 213
160 213
156 213
154 213
151 213
150 213
149 214
146 216
144 215
142 215
140 216
139 216
137 217
136 215
135 214
134 213
132 210
131 208
130 206
128 204
124 201
121 198
120 198
121 199
120 198
119 192
117 190
117 189
117 188
117 187
116 184
118 185
120 183
119 183
119 183
120 184
121 183
121 184
122 184
123 184
126 187
127 185
126 189
127 191
125 194
127 197
130 199
132 198
132 199
131 200
130 202
129 202
129 203
128 204
128 204
127 205
128 206
129 205
131 207
131 207
133 208
132 209
131 209
134 207
134 207
135 206
135 206
137 209
137 211
138 213
141 216
143 215
150 213
155 217
156 218
159 221
162 222
164 224
167 224
169 224
172 224
179 226
182 228
182 229
186 230
189 230
195 230
195 230
197 232
201 236
206 241
209 244
212 244
213 246
214 245
215 246
217 247
218 248
219 247
219 246
218 247
218 247
218 247
218 247
219 247
221 247
223 247
224 247
224 247
224 247
224 247
225 247
226 247
228 246
229 246
229 246
230 246
230 246
232 246
235 246
236 246
239 248
239 248
239 248
239 248
240 247
241 247
244 245
246 243
245 241
241 242
239 242
237 241
238 240
238 241
238 240
237 237
235 235
235 233
235 235
237 237
236 239
238 238
238 237
239 237
239 237
240 239
238 239
239 241
240 241
239 242
240 244
241 242
241 242
242 244
243 244
244 242
241 244
240 246
242 246
240 247
240 247
241 248
239 249
238 248
237 247
237 248
236 249
235 249
236 249
234 249
232 249
231 249
231 249
232 249
231 249
231 249
231 249
231 249
230 248
231 250
232 251
231 251
231 251
231 251
229 248
227 248
224 250
222 251
222 252
220 252
218 252
215 252
213 251
213 250
214 250
214 250
214 251
215 252
216 253
215 252
214 251
213 251
214 251
215 251
215 253
214 254
212 254
210 254
208 254
206 254
205 254
203 254
202 253
202 252
201 251
203 251
203 251
202 250
202 248
201 247
201 247
200 247
202 247
204 246
203 246
203 248
203 247
203 247
203 246
203 245
203 246
203 247
203 246
201 246
199 246
197 246
193 246
191 246
189 244
188 243
187 243
187 243
187 243
187 243
187 243
187 243
187 243
187 243
187 243
187 243
187 243
187 243
187 243
187 243
