710 253
710 253
710 255
710 255
709 256
709 256
707 255
707 255
706 256
706 256
706 257
706 257
705 258
705 258
704 259
704 259
704 259
704 259
703 257
703 257
705 256
705 256
704 256
704 256
703 256
703 256
702 256
702 256
699 255
699 255
696 254
696 254
695 254
695 254
694 255
694 255
694 256
694 256
692 257
692 257
690 258
690 258
690 257
690 257
690 255
690 255
691 251
691 251
691 252
691 252
691 252
691 252
693 252
693 252
694 254
694 254
693 255
693 255
694 255
694 255
692 254
692 254
692 253
692 253
694 255
694 255
695 254
695 254
695 253
695 253
694 251
694 251
694 250
694 250
693 254
693 254
693 258
693 258
694 258
694 258
694 258
694 258
693 258
693 258
692 257
692 257
692 255
692 255
693 254
693 254
693 254
693 254
693 254
693 254
693 254
693 254
694 254
694 254
693 254
693 254
694 255
694 255
695 256
695 256
696 258
696 258
695 257
695 257
694 256
694 256
693 256
693 256
692 257
692 257
692 257
692 257
693 258
693 258
692 258
692 258
691 259
691 259
693 258
693 258
694 256
694 256
695 256
695 256
696 256
696 256
696 256
696 256
694 257
694 257
692 257
692 257
692 258
692 258
692 258
692 258
690 257
690 257
692 256
692 256
693 256
693 256
693 257
693 257
693 258
693 258
693 258
693 258
692 258
692 258
691 257
691 257
691 259
691 259
691 262
691 262
692 261
692 261
692 259
692 259
692 257
692 257
691 256
691 256
691 257
691 257
691 259
691 259
691 259
691 259
691 259
691 259
691 258
691 258
691 258
691 258
691 259
691 259
690 258
690 258
690 257
690 257
688 258
688 258
688 257
688 257
688 258
688 258
689 258
689 258
690 257
690 257
690 257
690 257
690 258
690 258
690 258
690 258
690 256
690 256
689 254
689 254
689 254
689 254
688 255
688 255
688 259
688 259
688 259
688 259
689 259
689 259
690 258
690 258
690 257
690 257
689 256
689 256
689 256
689 256
689 258
689 258
691 257
691 257
692 257
692 257
691 257
691 257
691 258
691 258
690 258
690 258
690 259
690 259
688 259
688 259
688 259
688 259
688 260
688 260
687 260
687 260
685 261
685 261
682 263
682 263
682 261
682 261
681 262
681 262
680 262
680 262
679 262
679 262
679 260
679 260
680 254
680 254
681 256
681 256
681 256
681 256
681 259
681 259
679 264
679 264
678 264
678 264
678 264
678 264
678 263
678 263
679 263
679 263
678 261
678 261
672 261
672 261
669 257
669 257
667 255
667 255
663 255
663 255
663 257
663 257
662 258
662 258
660 260
660 260
656 264
656 264
655 266
655 266
652 267
652 267
653 266
653 266
653 263
653 263
655 266
655 266
656 266
656 266
654 268
654 268
654 265
654 265
654 263
654 263
652 263
652 263
651 263
651 263
648 264
648 264
649 262
649 262
647 261
647 261
646 263
646 263
645 264
645 264
644 264
644 264
643 264
643 264
643 262
643 262
643 258
643 258
642 256
642 256
640 259
640 259
639 260
639 260
638 258
638 258
638 258
638 258
637 256
637 256
636 256
636 256
621 263
621 263
620 262
620 262
617 262
617 262
616 265
616 265
613 264
613 264
611 267
611 267
608 269
608 269
604 270
604 270
601 274
601 274
600 276
600 276
599 275
599 275
597 275
597 275
597 275
597 275
595 276
595 276
592 276
592 276
591 276
591 276
588 277
588 277
587 275
587 275
587 278
587 278
584 277
584 277
585 278
585 278
585 282
585 282
583 280
583 280
583 281
583 281
581 280
581 280
583 278
583 278
580 280
580 280
580 278
580 278
581 277
581 277
583 276
583 276
583 275
583 275
583 274
583 274
583 272
583 272
582 272
582 272
583 273
583 273
583 274
583 274
585 270
585 270
586 270
586 270
585 268
585 268
584 269
584 269
585 269
585 269
585 269
585 269
585 267
585 267
583 266
583 266
582 265
582 265
583 265
583 265
580 262
580 262
579 261
579 261
579 260
579 260
576 257
576 257
575 256
575 256
574 256
574 256
572 255
572 255
572 255
572 255
571 258
571 258
573 255
573 255
573 254
573 254
573 251
573 251
572 249
572 249
571 250
571 250
569 248
569 248
568 248
568 248
566 246
566 246
564 246
564 246
563 245
563 245
562 244
562 244
563 244
563 244
563 244
563 244
563 244
563 244
564 244
564 244
564 245
564 245
564 245
564 245
563 245
563 245
563 243
563 243
560 243
560 243
559 246
559 246
559 246
559 246
560 248
560 248
559 248
559 248
558 248
558 248
556 247
556 247
556 247
556 247
556 249
556 249
557 249
557 249
558 250
558 250
558 251
558 251
558 252
558 252
557 253
557 253
556 254
556 254
556 253
556 253
555 251
555 251
555 254
555 254
554 257
554 257
554 256
554 256
553 256
553 256
552 256
552 256
554 255
554 255
554 255
554 255
553 254
553 254
554 253
554 253
555 254
555 254
556 255
556 255
556 252
556 252
555 251
555 251
553 250
553 250
552 248
552 248
550 248
550 248
550 247
550 247
548 247
548 247
547 245
547 245
545 246
545 246
547 244
547 244
545 242
545 242
545 242
545 242
542 239
542 239
537 235
537 235
536 232
536 232
531 225
531 225
531 222
531 222
531 221
531 221
529 217
529 217
529 215
529 215
529 216
529 216
529 215
529 215
527 213
527 213
525 213
525 213
527 213
527 213
529 213
529 213
529 213
529 213
529 213
529 213
530 213
530 213
529 212
529 212
530 210
530 210
531 210
531 210
529 210
529 210
527 212
527 212
528 212
528 212
532 213
532 213
531 212
531 212
531 211
531 211
527 212
527 212
526 213
526 213
528 213
528 213
532 214
532 214
529 217
529 217
525 217
525 217
525 218
525 218
526 221
526 221
525 221
525 221
528 222
528 222
529 221
529 221
528 220
528 220
527 220
527 220
528 220
528 220
528 221
528 221
526 221
526 221
526 222
526 222
527 222
527 222
527 222
527 222
527 222
527 222
527 223
527 223
527 224
527 224
525 223
525 223
526 224
526 224
528 225
528 225
527 225
527 225
526 225
526 225
527 225
527 225
527 225
527 225
526 224
526 224
527 224
527 224
528 223
528 223
527 222
527 222
526 222
526 222
524 223
524 223
525 224
525 224
524 225
524 225
525 226
525 226
524 226
524 226
525 227
525 227
526 227
526 227
529 231
529 231
528 233
528 233
531 234
531 234
531 237
531 237
531 238
531 238
531 239
531 239
531 241
531 241
533 243
533 243
535 242
535 242
538 241
538 241
537 242
537 242
538 243
538 243
538 243
538 243
541 244
541 244
542 244
542 244
542 243
542 243
539 243
539 243
539 244
