340 145
340 146
340 146
340 146
340 146
340 146
340 146
340 146
339 145
340 144
340 144
341 145
341 145
341 145
341 145
341 145
341 146
341 146
341 146
341 146
341 146
341 146
341 145
341 144
341 144
341 144
341 144
341 144
341 144
341 144
341 145
341 145
341 145
341 145
341 145
341 144
342 144
342 144
342 144
342 144
342 144
342 144
342 144
343 144
343 144
343 144
343 144
343 144
343 144
343 144
343 144
343 144
343 144
343 144
343 144
343 144
344 146
344 146
345 146
345 147
345 148
345 148
344 148
344 148
344 148
344 149
344 150
344 150
344 150
345 150
345 151
345 151
347 150
347 150
347 150
347 151
347 153
347 154
348 155
348 156
348 157
347 158
347 159
347 160
347 161
347 162
347 163
346 166
347 170
348 172
347 173
347 174
347 176
347 177
348 181
349 183
348 184
346 186
345 189
345 191
345 194
345 196
344 197
344 198
344 202
344 204
344 206
344 209
344 209
344 210
343 211
343 211
344 211
345 211
346 211
346 211
347 212
345 214
346 214
348 216
349 216
351 217
353 218
356 217
358 217
358 218
359 219
360 218
361 218
361 218
362 219
361 218
362 217
363 216
362 215
363 216
363 217
365 217
366 217
365 216
366 216
366 216
367 215
368 214
369 213
371 214
374 212
376 212
379 210
378 209
379 211
379 212
378 212
378 212
377 211
375 209
374 208
373 206
371 204
369 202
367 201
367 200
369 203
367 204
366 206
365 207
365 207
363 208
364 206
364 207
366 208
366 207
366 206
366 208
367 208
367 208
366 210
367 210
367 210
367 210
368 212
370 214
369 215
368 217
366 218
364 218
362 216
361 216
360 217
357 218
356 220
356 220
354 220
354 221
353 222
349 226
347 228
344 229
342 231
341 232
340 233
338 235
337 236
336 237
334 237
332 238
330 236
328 234
327 233
327 233
326 232
326 232
326 232
325 231
320 226
316 222
318 219
318 214
313 214
309 210
305 209
303 208
303 207
299 203
295 199
291 197
286 195
285 195
284 194
282 194
277 191
272 186
271 181
271 180
270 181
266 177
262 173
262 173
264 172
265 172
266 170
261 173
259 175
262 173
264 172
264 173
266 173
266 174
266 173
266 174
267 172
270 170
270 167
270 168
271 167
271 169
270 170
268 173
269 174
269 175
271 174
272 175
271 176
270 178
269 178
268 179
269 179
270 179
269 177
270 176
271 177
272 177
271 177
272 176
271 176
270 177
269 178
272 181
274 181
274 180
273 181
272 182
274 184
273 185
274 186
273 187
272 188
273 189
275 188
277 185
279 185
282 185
282 187
281 188
281 187
280 185
281 185
285 187
287 189
288 189
288 189
287 189
288 189
289 188
289 187
290 186
292 186
295 184
294 185
294 183
292 183
292 183
292 183
290 183
291 183
291 183
289 186
289 188
289 188
286 188
286 189
284 189
284 189
283 189
282 188
280 188
281 188
280 188
278 191
277 193
276 194
276 196
275 197
274 197
273 198
272 197
271 197
270 199
267 199
266 199
266 199
266 199
266 200
265 200
264 200
263 200
261 199
259 197
258 197
257 197
256 198
252 198
248 198
246 198
245 197
244 197
240 196
237 194
234 193
231 190
227 187
222 188
218 187
215 188
215 188
216 185
215 183
216 183
216 183
215 182
216 181
216 180
214 176
212 173
212 171
212 169
211 168
211 167
210 166
210 167
208 169
206 170
205 171
204 172
202 173
201 175
200 178
203 181
204 183
204 185
204 187
203 186
203 185
204 185
203 187
204 186
204 187
200 190
199 190
198 189
198 188
198 187
198 186
201 187
205 187
211 187
215 184
216 186
216 187
217 188
218 188
222 188
225 189
227 189
228 189
230 188
232 189
235 192
237 194
237 195
237 196
239 198
239 199
240 200
241 201
242 204
242 204
242 204
242 206
242 205
244 205
247 208
245 205
249 209
249 211
250 213
252 213
251 212
252 212
252 212
253 215
254 218
253 216
254 214
254 213
254 213
256 213
257 211
257 211
259 214
262 212
264 212
268 212
272 210
276 209
279 208
281 209
282 210
285 213
286 214
289 214
291 214
291 215
292 214
294 213
296 212
298 212
300 213
300 212
300 213
304 213
305 213
307 215
308 215
310 214
310 213
311 212
312 213
312 213
313 213
314 213
315 213
315 213
316 213
319 214
321 215
322 216
322 217
323 218
323 218
324 218
323 218
322 218
322 219
322 221
322 222
323 221
325 222
326 223
327 222
327 223
327 224
325 224
325 224
325 224
326 223
326 223
326 223
327 223
330 223
331 223
333 223
334 223
335 223
336 223
337 223
340 223
343 223
345 223
347 223
348 223
350 223
352 223
353 223
354 223
356 224
358 227
360 228
362 229
363 230
364 230
364 230
365 230
367 230
369 229
371 229
373 229
379 227
380 226
380 225
381 224
383 223
385 223
388 225
391 227
393 227
394 228
397 227
398 227
401 228
404 226
402 226
404 228
406 227
408 229
409 231
411 231
412 231
413 231
415 231
416 231
417 231
419 231
423 231
426 230
430 230
433 230
436 230
441 230
445 230
445 231
445 231
445 231
447 230
448 230
449 229
451 228
452 228
453 228
456 228
457 228
459 228
460 228
460 228
461 228
462 228
464 228
464 228
464 228
464 228
464 228
464 228
464 228
464 228
464 228
464 228
464 228
464 228
