420 262
420 262
420 261
420 261
419 260
418 260
418 260
417 260
417 260
416 261
416 261
416 261
416 261
416 262
416 262
416 262
416 262
416 262
416 262
416 262
416 262
416 262
416 262
416 262
416 261
417 261
417 261
417 261
417 261
417 261
417 261
417 261
417 261
417 261
417 261
417 261
417 261
417 261
417 261
417 261
417 261
417 261
417 260
417 260
417 259
417 259
417 259
417 259
417 259
417 260
417 260
417 260
417 260
417 260
417 260
417 260
417 260
417 260
417 260
417 260
417 259
417 259
417 259
417 259
417 259
417 259
417 259
417 258
417 258
417 257
417 257
417 256
417 256
417 256
417 257
417 258
417 259
417 259
417 260
417 260
417 260
418 260
418 260
419 261
419 261
419 261
419 261
419 261
419 261
419 261
419 260
419 260
419 260
419 260
419 260
419 260
419 260
419 260
419 260
419 260
419 260
419 260
419 260
419 261
419 261
419 261
419 261
419 261
419 260
419 260
419 260
419 260
419 260
419 260
419 260
419 260
419 260
419 260
419 260
419 260
419 260
419 260
419 260
419 260
419 260
419 260
419 260
419 260
419 260
419 260
419 260
419 260
419 260
419 260
419 260
419 260
419 260
419 260
419 260
419 260
419 260
419 260
419 260
419 260
419 260
419 260
419 260
419 260
419 260
419 260
419 260
419 260
419 260
419 260
419 260
419 261
419 261
420 262
420 262
420 262
420 262
420 262
420 261
420 261
420 260
420 260
420 260
420 260
420 260
420 261
420 261
420 261
420 261
420 261
420 261
420 261
420 261
420 261
420 261
420 261
420 260
420 260
420 260
420 260
420 259
420 259
420 258
420 258
420 258
420 258
420 259
421 259
422 260
423 260
424 261
424 261
424 261
424 261
424 261
424 261
424 261
424 261
424 260
424 260
424 260
424 260
424 260
424 260
424 260
424 260
424 261
424 261
423 261
423 261
422 261
421 262
420 262
420 262
420 262
420 262
420 261
421 261
421 261
421 261
421 261
421 261
421 261
421 261
421 261
421 261
421 261
421 261
421 261
421 261
420 261
420 262
419 262
419 262
419 262
419 262
419 262
419 262
419 262
419 262
420 262
420 262
421 262
421 263
422 263
422 263
422 262
422 262
421 262
421 262
421 262
421 262
421 262
421 262
420 261
420 261
420 260
420 259
420 259
420 259
420 259
420 259
420 260
420 261
420 262
420 262
420 262
420 263
420 263
420 263
420 263
420 263
420 262
420 261
419 260
418 259
416 258
415 258
416 257
417 258
419 258
420 259
421 260
421 260
422 261
423 261
425 262
426 263
427 264
428 264
428 264
428 264
428 264
428 264
427 264
426 264
424 263
423 262
422 261
422 261
422 261
422 262
423 262
424 263
424 262
424 262
424 261
424 261
424 260
424 260
424 260
425 260
425 260
425 261
424 261
423 261
422 260
422 260
422 260
422 260
422 261
422 261
422 262
422 262
422 263
423 263
424 263
425 263
426 262
426 261
426 260
426 260
425 260
425 260
425 260
425 260
425 260
425 261
425 261
425 262
425 262
426 262
426 262
426 262
426 262
426 262
426 261
427 261
427 261
427 261
426 261
426 261
427 262
427 262
428 263
428 264
429 265
429 265
430 265
431 265
431 264
430 264
429 263
428 262
426 261
425 261
425 261
425 261
426 262
427 262
427 263
426 263
425 262
424 262
423 261
422 261
422 261
422 261
422 261
422 261
423 261
423 261
424 261
425 262
425 262
425 262
424 262
423 262
422 263
422 263
423 264
423 264
424 264
424 264
424 264
425 263
425 263
424 263
423 263
423 263
423 263
424 263
425 263
425 263
424 262
423 262
422 261
422 261
422 261
422 261
421 261
420 261
419 262
419 262
420 263
420 263
421 264
422 264
423 265
424 266
424 266
423 266
421 267
420 267
418 268
418 268
417 269
417 270
416 271
415 271
415 272
415 273
416 275
417 276
418 278
418 279
418 280
419 280
419 280
420 280
419 280
418 280
417 281
417 281
417 283
416 284
415 286
415 287
414 289
413 290
412 292
411 293
410 295
410 297
410 299
410 300
410 301
410 302
410 304
410 305
410 306
410 306
410 307
410 308
410 309
410 310
410 311
410 311
410 312
410 312
409 313
409 314
409 315
409 316
409 317
409 317
409 318
410 319
410 320
410 320
409 321
407 322
405 323
404 324
404 325
404 326
403 327
402 328
401 330
401 331
401 332
401 333
400 333
400 334
400 335
400 336
401 337
401 338
402 339
402 340
402 341
402 341
401 342
401 342
400 343
399 343
399 343
399 343
399 344
398 344
398 345
399 345
399 346
398 346
397 347
396 347
395 348
395 348
396 349
396 350
397 352
398 353
399 354
399 354
399 355
400 355
400 355
400 356
400 356
400 357
399 357
398 357
397 357
397 357
396 357
396 358
396 358
396 359
396 359
396 359
396 359
396 359
397 359
398 359
400 359
400 359
401 358
401 358
402 357
402 357
402 357
402 357
401 357
401 357
401 357
401 357
400 357
399 357
398 357
398 357
397 357
397 357
397 357
397 357
397 357
397 357
398 357
399 357
400 357
401 357
402 357
403 357
403 357
403 357
402 357
402 357
402 357
402 357
402 357
401 358
401 358
400 358
400 358
400 358
401 358
401 358
402 358
402 358
402 358
402 358
402 357
403 357
404 357
405 357
406 357
406 358
407 359
407 359
408 359
409 360
410 360
410 360
411 360
411 360
408 359
404 357
399 355
397 354
396 353
395 353
395 352
395 352
396 351
396 351
396 349
396 348
396 347
397 346
399 346
400 345
400 345
400 344
399 344
398 344
398 344
398 344
398 344
399 344
398 344
397 344
397 343
397 343
399 343
400 343
399 343
398 343
396 342
395 342
395 342
396 342
398 343
399 343
400 343
402 343
404 343
407 343
410 344
411 344
413 343
414 343
414 342
413 342
411 342
411 342
410 342
410 343
411 343
412 343
413 343
414 343
414 344
414 344
414 344
415 345
415 345
416 346
416 346
416 347
416 347
416 347
416 347
416 347
417 347
418 348
420 348
422 349
424 349
425 348
425 348
425 348
425 349
426 349
427 349
428 349
428 348
429 348
429 347
430 347
430 346
431 345
431 344
431 343
431 343
431 343
431 343
431 343
432 343
432 343
433 343
434 343
436 343
437 343
438 343
438 343
438 343
438 343
438 343
438 343
438 343
438 343
437 343
436 343
435 343
434 343
434 342
435 342
436 342
436 342
436 343
437 343
437 343
437 343
437 343
437 343
438 342
440 342
441 342
441 342
441 342
441 342
440 342
440 343
440 343
440 343
440 343
440 344
441 344
442 343
443 343
444 342
445 342
446 342
446 342
