279 142
279 142
279 142
279 142
279 142
279 142
279 142
279 142
279 142
279 142
279 142
279 142
279 142
279 142
279 142
279 142
279 142
279 142
279 142
278 141
278 141
278 141
278 141
278 141
278 141
278 141
277 141
277 141
277 141
277 141
277 141
277 141
277 141
277 141
277 141
277 141
277 141
277 141
277 142
277 142
277 142
277 142
277 142
277 142
276 142
276 142
276 142
276 143
275 144
275 145
275 146
275 147
274 148
274 150
274 152
274 154
274 156
273 158
273 161
273 165
273 168
272 171
272 174
271 177
271 179
270 183
269 185
269 189
268 192
267 196
266 198
265 201
265 202
264 204
263 205
261 206
259 207
258 208
257 209
256 210
255 211
255 211
255 211
255 211
255 211
255 212
255 212
256 213
256 213
257 214
257 214
257 214
257 214
257 215
257 215
258 215
259 216
261 217
263 219
264 220
266 221
267 221
268 221
270 221
270 221
271 221
271 221
271 221
269 221
267 221
265 221
262 221
260 221
259 221
258 221
257 221
255 221
254 221
253 221
252 221
252 221
250 221
249 221
246 221
243 222
240 224
238 225
237 227
236 229
236 230
236 231
236 231
231 233
226 234
220 236
215 237
211 238
206 239
204 239
202 239
202 238
202 236
202 234
203 230
204 225
205 219
206 214
206 209
206 204
205 200
205 196
203 191
201 187
198 183
196 180
193 177
191 175
190 173
192 172
195 172
198 171
201 171
204 171
208 171
212 171
216 170
220 170
222 169
225 169
226 169
227 169
227 170
227 171
227 172
227 173
227 173
227 174
226 174
225 174
224 174
223 174
223 175
222 175
222 175
221 176
221 176
221 177
221 178
221 180
221 182
221 184
221 186
220 188
219 189
218 190
216 190
215 191
213 192
212 193
211 194
210 196
209 197
209 198
209 198
209 198
209 198
209 198
209 199
208 199
207 200
206 200
205 200
203 199
202 199
201 199
200 200
199 200
198 201
196 201
194 202
193 202
191 203
189 203
186 203
182 204
177 204
174 205
170 205
166 206
163 206
160 207
157 207
153 208
150 208
148 209
146 209
143 209
140 208
137 207
134 205
131 203
129 201
127 199
124 196
122 194
120 191
119 188
118 185
117 183
117 181
117 180
117 179
118 179
119 180
120 181
121 183
123 185
125 188
126 190
127 192
128 193
128 194
128 195
128 196
129 197
129 198
130 198
130 199
131 199
132 200
134 200
135 200
136 200
138 200
140 201
143 203
147 205
150 207
154 209
157 211
161 213
165 215
168 216
173 218
180 220
187 223
193 225
198 228
203 231
207 233
209 234
211 235
212 236
214 237
214 238
215 239
215 239
215 239
215 239
215 239
215 239
215 239
215 239
215 239
215 239
215 239
215 239
219 239
224 238
230 237
234 237
237 237
240 236
241 235
241 234
240 234
239 234
238 234
238 234
238 234
238 234
239 234
239 234
240 234
240 234
240 234
240 234
241 234
242 234
243 234
243 234
243 234
243 235
242 235
241 236
240 237
239 237
238 238
237 238
235 239
234 239
233 240
232 240
231 241
230 242
230 242
230 242
230 242
229 242
229 242
228 242
227 242
226 242
224 242
222 242
220 242
217 242
216 242
215 242
215 242
214 243
214 243
213 243
213 243
213 243
212 243
211 244
210 244
209 244
207 244
205 244
204 244
203 244
203 244
202 244
202 243
202 243
202 242
202 241
202 241
202 240
202 240
201 240
201 240
199 240
197 240
195 240
193 240
192 240
191 240
190 240
