316 171
316 171
317 170
316 170
316 170
317 170
316 169
317 169
317 169
317 169
317 169
317 169
317 169
317 169
317 169
317 169
317 169
317 169
317 170
317 170
317 170
317 170
317 170
317 170
317 170
317 170
317 170
317 170
317 170
317 170
317 170
317 170
317 170
317 170
317 170
318 172
318 172
318 172
318 172
318 172
318 172
318 172
318 172
318 172
318 172
318 172
318 175
318 176
318 176
318 176
318 176
318 177
318 178
318 178
318 179
318 184
318 185
318 185
318 186
318 191
318 191
318 191
318 191
318 192
318 192
318 192
318 193
318 195
318 196
318 197
318 199
317 214
317 217
315 220
315 223
314 226
312 235
312 235
308 239
308 239
308 240
307 241
306 241
306 242
306 243
305 243
305 243
304 244
301 246
301 246
301 246
301 246
302 246
302 247
302 249
303 249
304 249
315 254
317 254
317 254
317 254
319 254
320 254
321 254
322 254
324 254
336 251
337 250
337 250
337 250
336 250
336 250
336 250
336 250
335 250
334 250
334 250
333 250
333 250
332 250
331 250
331 250
331 250
321 254
321 254
321 254
321 254
321 255
321 255
321 255
321 255
321 257
321 257
321 257
322 257
323 257
323 257
325 261
325 261
325 261
325 261
325 261
325 261
325 261
325 261
325 261
325 261
325 261
325 261
325 261
325 261
325 261
325 261
325 261
325 261
325 261
325 261
325 261
302 190
302 190
301 191
301 191
300 191
300 191
299 191
299 191
299 191
299 191
298 191
298 191
298 191
298 191
298 191
296 191
296 191
296 191
296 191
292 193
292 193
292 193
290 195
290 195
288 200
288 200
288 200
285 202
285 203
285 204
284 208
284 208
283 209
279 211
278 211
278 211
277 214
275 214
275 214
275 214
275 214
277 214
277 214
277 214
277 214
277 214
282 216
282 216
284 216
284 216
293 217
293 217
294 217
295 217
295 217
295 216
295 215
295 215
295 215
295 215
295 215
295 215
295 215
295 215
295 215
296 215
293 215
293 215
292 215
291 215
290 215
289 216
288 216
288 216
288 216
288 216
288 216
288 216
288 216
288 216
288 216
288 216
288 216
288 216
288 216
288 216
288 216
288 216
288 216
288 216
288 216
288 216
258 188
258 188
257 188
257 188
247 192
247 192
247 194
247 195
247 200
247 201
247 201
248 201
250 201
251 202
252 203
258 208
260 208
261 210
262 210
262 210
262 210
262 210
262 210
262 210
262 210
262 210
262 210
262 210
262 210
262 210
262 210
262 210
322 222
325 226
328 228
338 232
342 234
345 235
346 235
356 240
359 240
362 243
364 243
364 243
364 244
365 244
365 244
365 245
365 245
367 245
368 245
368 245
368 245
381 246
381 246
381 246
381 246
381 246
381 246
381 246
382 246
384 246
385 246
386 246
387 246
388 246
389 246
389 246
389 246
389 246
400 246
400 246
400 246
402 246
403 246
404 247
404 248
404 248
404 248
404 248
404 248
407 257
408 259
408 260
408 260
408 260
408 265
408 266
407 273
407 275
407 277
407 277
407 277
407 279
407 280
407 280
404 283
403 284
402 285
402 287
402 288
402 289
402 289
402 289
402 290
402 290
402 292
402 292
400 292
400 292
400 292
398 293
397 293
395 297
394 297
393 297
393 298
393 299
393 299
393 299
391 299
391 299
390 299
390 300
390 300
389 300
388 300
388 301
388 301
387 305
387 306
387 306
386 307
386 307
385 307
385 307
384 307
384 307
383 307
383 307
379 312