47 86
47 86
47 86
47 86
47 86
47 86
47 86
47 86
47 86
47 86
47 86
47 86
47 86
47 86
47 86
47 86
47 86
47 86
47 86
47 86
47 86
47 86
47 86
47 86
47 86
47 86
47 86
47 86
47 86
47 86
47 86
47 86
47 86
47 86
47 87
47 87
47 87
47 87
47 87
47 87
47 87
47 87
47 87
47 87
47 87
47 87
47 87
47 87
47 87
47 87
47 87
47 87
47 87
47 87
47 87
47 87
46 87
46 87
46 87
46 87
46 87
46 87
46 87
46 87
46 87
46 87
46 87
46 87
46 87
46 87
46 87
46 87
46 87
46 87
46 87
46 87
46 87
46 87
46 87
46 87
46 87
45 87
45 87
45 87
45 87
45 87
45 87
45 87
44 87
44 87
44 87
44 87
43 87
43 87
42 87
42 87
41 87
41 87
40 87
40 87
39 87
39 87
39 87
39 87
38 87
38 87
38 87
38 87
38 87
38 87
38 87
38 87
38 87
38 87
38 87
38 87
38 87
38 87
38 87
38 87
38 87
38 87
38 87
39 87
39 87
39 87
40 87
41 87
42 87
43 87
44 87
45 87
46 87
47 87
48 87
49 87
50 87
51 87
52 87
53 87
56 87
58 87
61 87
63 88
65 89
67 89
70 89
70 89
71 89
74 90
74 90
75 90
78 91
79 91
81 92
84 93
85 93
87 93
88 93
90 94
91 95
94 96
94 96
94 96
96 96
98 97
99 98
101 99
101 99
102 101
103 101
103 100
104 100
105 100
105 100
105 100
106 100
108 101
109 101
110 101
110 101
111 101
113 102
113 102
114 102
115 102
116 102
117 102
119 102
121 102
122 102
123 102
124 102
125 102
126 102
128 103
130 103
131 103
131 103
133 103
134 104
136 104
137 105
138 105
138 105
139 106
141 106
142 106
143 106
145 106
145 106
146 106
147 106
148 106
149 106
151 106
151 106
152 106
154 106
156 106
157 106
159 106
159 106
160 106
162 106
164 105
165 105
166 104
167 104
168 104
170 104
171 104
172 104
173 104
174 104
175 104
176 104
177 104
178 104
179 104
180 104
180 104
181 104
181 104
183 104
184 104
185 103
186 102
186 102
186 101
186 101
186 101
187 101
188 100
188 100
188 100
188 100
188 100
188 100
188 100
188 100
189 100
190 99
190 99
191 98
191 98
191 98
191 98
192 98
192 98
193 98
194 98
194 98
195 98
196 97
197 97
197 97
198 97
198 97
198 97
198 97
199 97
199 97
199 97
200 97
201 97
202 97
202 97
202 97
202 97
203 96
204 96
204 96
204 96
205 95
205 95
205 95
205 95
205 95
206 94
206 94
206 94
207 94
208 93
208 93
210 92
211 92
211 92
211 92
214 91
219 88
221 87
221 87
224 85
227 83
232 79
235 76
239 74
239 73
245 67
248 63
253 59
258 53
262 51
262 50
265 48
268 47
270 45
273 43
276 42
277 41
277 41
278 41
279 41
281 40
283 39
283 39
283 39
283 39
283 39
284 38
284 38
284 38
285 38
285 38
285 38
285 38
285 38
285 38
285 38
285 38
285 38
285 38
285 38
285 38
285 38
285 38
285 38
285 38
285 38
286 39
286 39
286 39
286 39
286 43
286 46
286 47
286 48
286 50
286 52
286 54
286 55
286 55
286 56
