492 233
491 232
488 232
486 231
483 230
482 230
481 230
480 230
479 230
479 229
478 229
477 228
477 228
477 227
476 226
470 222
468 221
465 221
464 221
462 220
460 219
458 217
457 216
456 215
456 215
456 215
457 216
457 217
458 218
460 219
460 219
461 220
462 221
462 221
463 221
463 221
463 221
463 221
463 221
463 221
462 221
462 221
462 221
462 221
462 221
462 221
462 221
461 221
461 221
461 221
460 222
459 222
459 222
459 223
459 223
459 223
459 223
459 223
459 223
459 223
459 223
459 223
459 223
459 223
459 223
459 223
459 223
459 223
459 223
459 223
458 222
457 222
457 222
457 222
457 222
457 222
457 222
457 221
457 221
457 221
457 221
457 221
457 221
456 220
456 220
456 220
456 220
454 220
453 220
452 220
452 220
452 220
452 220
452 220
452 220
451 220
450 220
450 220
450 220
450 220
450 220
450 220
450 220
450 220
450 220
449 220
448 220
448 220
448 220
448 220
448 220
448 220
446 221
446 221
446 221
445 221
445 221
444 221
443 221
442 221
441 221
439 221
438 221
437 221
435 220
434 220
433 220
432 220
431 219
430 218
429 218
428 219
427 219
427 219
426 219
426 219
426 219
426 219
426 220
426 220
425 220
424 220
421 217
418 214
417 215
415 216
412 215
408 217
404 219
402 220
402 221
402 221
403 223
403 223
404 225
405 226
405 226
404 226
404 226
404 226
404 226
404 226
404 226
404 226
404 226
404 226
404 226
404 226
404 226
404 226
404 226
404 226
404 226
404 226
404 226
377 219
376 219
375 219
374 220
371 217
369 217
363 216
357 215
350 216
346 217
345 217
344 216
344 216
343 217
341 215
339 214
339 214
339 214
337 215
336 213
334 215
334 216
334 216
335 217
335 217
335 217
337 217
338 217
341 219
343 221
344 221
347 221
350 222
352 223
354 225
355 225
355 226
356 227
356 227
357 228
358 229
358 229
359 229
361 228
364 227
367 227
368 223
369 222
372 222
374 220
376 219
377 219
378 218
379 218
379 218
379 218
381 218
385 218
387 217
387 216
388 214
388 213
389 212
389 211
390 210
389 209
389 209
389 209
389 209
389 209
389 209
389 209
389 209
389 209
388 208
385 207
384 206
382 206
381 206
379 205
377 205
376 204
375 204
375 204
375 204
374 204
373 204
370 203
367 202
367 202
364 201
362 201
362 202
362 202
361 201
361 200
361 200
361 200
361 200
362 200
362 200
362 200
363 199
364 198
365 197
365 196
365 195
365 195
366 194
366 193
365 192
367 192
369 190
370 189
374 187
379 184
382 183
388 180
391 180
392 180
395 178
399 178
399 178
399 178
401 177
402 176
401 176
402 176
403 176
404 176
405 176
406 175
408 175
409 175
411 174
412 173
415 171
415 171
417 169
420 168
422 165
423 163
425 161
425 161
426 158
428 154
430 150
433 147
435 144
435 144
438 142
440 140
442 138
444 138
445 138
446 137
446 137
447 137
448 137
449 137
449 137
449 137
449 136
449 136
448 137
448 136
447 135
447 135
447 135
447 134
445 133
444 133
443 132
442 131
441 130
440 130
439 129
438 129
437 128
436 128
434 128
430 129
428 129
427 131
424 132
423 133
422 134
419 135
418 137
416 138
415 140
414 140
414 141
413 142
411 144
410 145
409 146
409 146
407 147
