200 289
198 288
196 287
197 286
198 285
199 285
202 285
204 285
203 286
200 288
198 288
198 288
199 288
199 288
199 288
199 288
199 288
199 288
199 289
201 288
203 287
205 287
205 287
202 288
199 289
197 290
197 289
199 286
199 286
199 288
199 288
199 288
199 288
199 288
199 288
199 289
200 288
201 288
202 288
201 289
200 290
199 291
198 291
199 290
201 289
200 288
199 288
198 288
198 286
198 286
198 288
198 287
198 288
198 289
198 289
198 289
198 289
198 289
198 289
198 289
198 289
198 289
198 289
198 289
198 289
198 289
198 289
198 289
199 287
199 286
198 287
197 289
196 289
198 286
198 286
198 288
198 290
198 292
200 291
203 289
201 287
199 287
197 288
197 288
197 288
197 288
199 288
198 288
195 288
193 288
194 287
195 288
198 288
201 288
199 290
197 292
195 294
193 294
193 292
193 290
192 290
191 291
190 292
190 292
191 292
192 292
193 293
194 291
193 291
192 291
190 292
190 292
190 292
190 292
190 292
190 292
190 292
189 293
189 293
188 293
187 293
185 293
183 293
183 293
184 294
185 295
188 294
190 293
188 294
187 294
184 294
184 294
184 295
186 294
188 290
186 293
188 295
184 296
186 294
183 295
194 297
188 303
186 296
191 297
190 297
187 301
190 298
190 302
193 301
193 304
193 304
189 306
194 304
190 304
190 309
185 309
185 309
189 310
187 310
192 315
235 294
295 260
295 260
202 324
190 318
191 318
186 321
182 318
182 318
182 325
189 320
182 325
185 325
181 328
185 325
183 327
182 325
182 330
184 335
182 331
183 333
181 333
178 334
179 337
171 338
175 338
177 337
175 338
169 350
174 341
172 334
173 340
165 349
173 341
170 346
163 347
170 346
162 349
162 349
161 353
156 346
166 358
165 354
165 354
162 354
162 352
160 354
151 360
157 360
157 360
156 362
136 364
144 359
135 360
136 367
136 362
143 359
141 355
132 366
139 361
140 360
142 358
142 355
147 357
140 358
145 353
139 358
139 358
137 356
147 357
136 350
136 350
136 352
136 350
142 347
136 347
136 344
136 344
141 344
140 347
140 342
140 342
131 343
131 341
130 340
130 340
131 336
136 332
125 334
127 337
133 336
126 337
130 333
123 336
129 331
121 333
128 324
127 329
119 329
126 324
126 323
116 327
116 327
116 327
122 324
113 318
113 318
120 321
113 318
113 318
119 318
120 315
120 315
109 321
116 309
116 309
116 309
108 310
114 305
118 302
109 302
109 302
120 297
110 307
109 300
111 301
109 297
109 297
114 294
113 297
109 298
109 298
110 300
110 300
110 294
111 291
114 292
101 299
108 290
108 290
111 298
111 295
109 295
109 293
112 291
116 289
118 288
119 287
118 284
120 281
122 280
124 279
127 276
130 274
134 269
138 263
140 258
140 254
140 252
144 249
151 242
157 236
163 230
166 225
167 222
164 221
163 219
165 217
169 213
175 210
175 209
173 210
172 210
175 209
176 208
177 207
178 208
176 209
175 210
177 207
179 204
178 202
177 202
174 203
173 204
174 201
176 199
177 197
174 197
175 197
175 197
175 197
177 194
176 193
175 193
174 193
173 193
170 193
168 193
168 193
171 192
172 193
174 192
174 192
174 192
176 191
173 193
171 195
169 198
169 198
166 199
166 199
166 199
166 199
