185 324
185 324
184 323
184 323
184 323
184 323
184 323
184 323
184 323
184 323
184 323
184 323
184 323
184 323
184 323
184 323
184 323
184 323
184 323
184 324
184 324
184 324
184 324
184 324
184 323
184 323
184 322
184 322
184 322
184 322
184 322
184 322
184 322
184 322
184 322
184 322
184 322
184 322
184 321
184 321
184 321
184 321
184 321
185 321
185 321
185 321
185 321
185 322
185 322
185 322
185 322
185 323
185 323
185 323
185 323
185 323
185 323
185 323
185 322
185 322
185 322
185 322
185 322
185 322
185 322
185 322
184 322
183 322
182 321
182 321
182 321
182 321
182 321
182 321
181 321
181 321
180 321
180 321
180 321
180 321
179 321
179 321
179 321
179 321
179 321
180 321
180 321
181 321
181 320
182 320
183 319
183 318
184 318
184 318
184 317
184 317
183 316
181 316
179 315
178 315
178 315
178 316
177 316
177 316
176 316
176 317
176 317
176 317
176 317
176 317
176 317
177 317
177 317
177 317
176 317
176 317
176 317
176 317
176 317
176 317
176 317
176 317
176 318
176 318
176 319
176 319
176 319
176 319
175 319
175 320
174 320
174 320
173 320
173 320
172 320
172 320
172 320
172 320
172 320
172 320
171 321
171 321
171 322
171 322
171 322
171 322
171 321
172 321
172 320
173 320
173 320
173 320
173 320
173 320
173 320
173 320
172 320
172 320
172 320
172 319
173 319
173 318
174 318
174 318
175 317
175 317
175 317
175 317
175 317
175 317
175 317
175 317
175 317
175 318
175 318
175 318
175 318
175 318
175 319
175 319
175 319
175 319
175 318
176 318
176 317
177 317
177 317
177 317
177 317
177 317
177 317
177 317
177 317
176 318
176 318
176 318
176 318
176 318
176 318
176 318
176 318
177 318
177 318
178 318
178 318
178 318
178 318
178 318
177 318
177 318
177 318
177 318
177 317
177 317
176 317
176 317
176 317
176 317
176 317
176 317
176 317
176 317
176 317
176 317
176 317
176 317
176 317
176 317
176 317
176 317
176 317
176 317
176 317
176 318
176 318
176 318
176 318
176 318
176 318
176 318
176 318
176 318
177 318
179 319
181 319
181 319
182 319
182 319
183 319
183 319
183 319
183 319
183 319
183 319
183 319
183 319
183 319
183 319
183 319
183 319
183 319
183 320
183 320
183 321
182 322
182 322
182 322
182 321
182 320
182 320
182 320
182 320
182 320
182 321
182 321
182 321
182 321
182 320
182 320
181 319
181 319
180 319
181 318
182 318
183 318
184 318
182 318
180 319
178 319
177 320
177 320
178 320
180 320
181 320
182 319
183 318
183 317
183 317
183 317
182 317
181 317
181 317
179 316
177 316
175 316
175 316
176 317
177 317
177 317
176 317
175 317
174 318
175 319
177 319
179 319
180 318
178 318
177 318
175 317
174 317
172 316
170 315
166 315
165 315
164 315
165 314
166 314
165 314
165 315
164 315
164 316
165 316
165 316
164 316
163 315
163 315
160 314
157 314
154 314
155 314
157 314
159 314
162 314
164 314
167 314
169 314
172 314
173 313
175 312
176 311
180 311
184 311
189 311
191 311
192 311
192 311
192 310
191 310
190 309
189 309
188 309
188 309
187 308
186 307
186 305
186 304
187 303
187 303
189 302
190 301
191 299
192 299
193 298
193 297
193 296
192 296
193 294
195 293
200 291
204 291
210 290
214 289
217 289
219 290
221 290
223 290
224 290
224 290
224 290
224 290
223 290
222 291
222 291
223 292
223 293
223 293
223 293
223 292
223 292
224 292
225 292
225 292
224 291
223 291
222 290
222 290
223 290
224 290
224 291
223 291
221 291
220 291
219 291
220 291
220 291
220 291
219 291
218 291
218 292
219 293
219 294
219 295
219 296
220 296
218 297
217 297
214 299
213 300
210 302
208 303
205 305
204 306
204 307
203 308
202 310
202 312
201 314
200 315
199 316
199 317
199 318
199 319
199 320
199 320
199 321
199 321
199 322
198 323
198 325
198 326
198 327
197 327
198 328
199 329
200 330
200 330
200 331
200 331
200 332
200 333
198 334
196 335
194 336
194 337
194 338
194 339
194 340
194 340
193 341
193 341
192 342
192 343
191 345
191 346
191 347
191 348
191 349
191 350
191 351
192 352
192 353
193 353
193 354
193 355
192 356
192 357
191 359
191 360
192 361
193 361
196 361
198 361
201 361
203 361
205 361
206 361
207 361
209 361
212 362
215 362
218 363
219 363
220 363
221 364
222 364
224 365
225 365
226 366
226 366
226 367
226 368
226 368
226 369
226 369
226 370
226 370
225 371
225 371
227 372
230 373
235 374
239 374
243 375
246 375
249 376
251 376
253 376
254 376
256 376
256 376
258 375
260 375
264 374
268 373
271 372
273 372
278 371
284 371
290 371
293 371
296 371
298 372
300 372
301 372
302 372
304 371
307 370
310 370
312 369
312 369
313 369
314 369
315 369
315 369
316 369
316 369
316 369
316 370
316 370
316 370
316 370
316 371
316 371
316 371
316 371
316 371
316 371
316 371
316 371
316 372
316 372
317 372
318 372
319 372
320 372
321 372
322 372
322 373
323 373
323 374
324 374
324 375
324 375
324 376
323 376
323 376
323 376
324 376
325 376
325 376
325 376
325 376
325 376
326 376
326 375
326 375
327 375
328 375
330 375
331 375
332 376
333 376
334 376
335 377
336 377
337 378
338 378
338 378
339 378
340 379
341 379
341 380
346 375
351 368
357 360
359 356
360 353
360 352
360 352
359 353
360 354
360 355
362 355
362 355
363 355
363 356
362 356
361 355
359 355
359 355
357 354
356 353
353 353
350 353
349 353
350 354
354 354
356 354
357 354
355 355
352 356
351 357
351 358
351 358
351 359
352 359
354 359
356 359
359 359
360 359
359 359
358 359
357 358
357 358
358 357
359 357
359 357
359 357
359 357
358 358
357 358
355 357
354 357
353 357
353 356
353 356
352 356
351 356
351 356
352 355
354 355
355 355
356 356
356 356
356 356
356 356
354 356
352 356
350 356
350 356
351 355
352 355
353 354
354 354
352 354
349 354
344 354
342 354
340 354
339 354
338 354
337 354
336 353
336 353
336 353
336 353
334 353
331 353
328 353
327 353
327 353
327 353
327 353
326 354
325 354
324 354
324 354
324 354
325 354
326 355
326 355
326 355
326 355
325 355
324 355
323 355
323 354
323 354
324 354
324 354
324 354
323 354
322 354
321 354
315 354
308 354
299 354
294 354
285 354
278 354
270 354
266 355
261 355
258 356
252 356
248 356
244 356
243 357
242 357
240 357
237 357
234 357
235 357
238 356
241 355
248 355
240 355
