340 140
340 141
340 140
340 140
340 140
340 140
340 140
340 140
340 140
340 140
340 140
340 140
340 140
340 140
340 140
341 140
341 140
341 140
341 140
341 140
341 140
341 140
341 140
341 140
341 140
341 140
341 140
342 140
342 140
342 140
342 140
343 141
343 141
343 141
343 141
343 141
343 141
343 141
343 141
343 141
343 141
343 141
344 141
344 142
345 142
345 142
345 142
345 143
345 145
346 145
346 146
346 147
346 149
346 149
346 153
346 155
346 155
347 160
347 160
347 164
347 166
347 170
347 171
347 174
347 178
347 181
346 185
345 188
345 189
345 191
345 198
345 200
344 200
344 202
344 202
344 203
344 205
344 207
344 207
344 207
345 207
349 208
352 208
354 209
357 211
357 211
359 211
359 211
360 211
361 211
361 211
361 211
363 211
364 211
365 211
368 211
370 211
372 211
374 211
376 211
377 211
377 209
376 206
376 206
375 206
375 206
373 205
371 205
370 205
369 205
368 205
367 205
367 205
367 205
367 205
367 205
366 205
366 205
366 205
366 205
366 205
366 205
366 205
366 205
366 206
363 212
361 213
360 213
359 216
359 217
352 218
345 220
343 223
337 227
336 226
336 226
336 226
336 226
336 226
336 226
336 226
336 226
336 226
336 226
336 226
336 226
336 226
336 226
336 226
336 226
336 226
336 226
336 226
336 226
276 184
274 181
270 179
266 177
263 174
264 173
263 173
262 173
262 173
262 173
263 172
264 172
267 172
268 172
270 172
270 172
270 172
271 173
271 172
271 172
271 172
271 172
271 172
271 172
271 174
271 173
272 172
272 172
272 172
272 174
272 174
271 177
271 177
270 178
269 180
269 180
271 181
271 182
273 182
273 182
277 182
280 184
280 184
282 184
284 184
284 184
286 184
287 185
290 185
290 184
290 184
292 184
292 184
292 184
293 184
293 184
293 184
290 184
289 184
289 184
289 184
287 184
287 184
286 184
285 185
284 186
282 187
277 188
274 189
274 189
274 189
272 189
272 189
271 189
271 189
271 189
271 189
271 189
271 189
271 189
271 189
271 189
271 189
271 189
271 189
271 189
271 189
229 190
226 190
223 190
219 186
215 179
215 179
215 179
214 174
214 172
214 172
214 172
214 172
214 172
214 172
213 175
208 178
206 179
204 184
203 186
203 186
202 188
202 188
202 188
202 188
202 188
202 188
202 188
202 188
202 188
204 188
206 188
207 188
224 186
226 186
228 186
230 186
234 189
234 189
236 192
236 192
238 195
238 195
240 198
240 200
241 200
241 201
244 201
244 201
249 207
249 207
250 209
250 209
251 210
252 210
252 210
252 210
255 210
255 211
256 211
258 211
265 211
267 211
274 210
276 210
277 210
281 210
285 210
286 210
288 210
291 210
293 210
294 210
295 210
298 210
301 210
305 210
306 210
309 210
309 210
312 210
312 210
312 210
316 210
317 210
318 210
318 210
318 213
318 213
318 213
318 213
318 213
318 213
321 217
321 217
321 217
321 217
321 217
322 218
325 220
325 220
325 220
328 220
334 220
336 220
337 220
338 220
352 221
352 221
352 221
355 222
355 222
355 222
359 222
361 222
362 222
364 222
366 222
367 222
369 222
372 222
373 222
376 222
377 222
378 222
380 222
381 222
397 222
398 222
399 222
403 224
405 224
407 224
418 227
420 227
420 227
422 227
427 227
428 228
432 228
433 228
434 228
442 228
444 228
447 228
449 228
456 228
457 228
458 228
458 228
463 228
