336 332
336 332
336 332
336 332
336 332
336 332
336 331
336 331
336 331
336 331
336 331
336 332
336 333
336 334
336 334
336 334
337 335
337 335
337 335
337 335
337 336
337 337
337 337
337 337
337 337
337 337
337 338
337 339
337 339
337 340
338 341
338 340
338 340
340 342
341 341
340 342
340 342
340 342
341 343
340 343
341 343
341 343
343 343
343 343
343 344
342 339
341 334
340 332
339 331
338 330
335 330
334 330
335 328
334 322
332 318
330 315
327 315
325 317
325 318
325 321
325 324
325 324
325 324
325 324
325 324
325 324
325 324
325 324
325 324
325 324
325 324
325 324
325 324
309 338
311 340
309 340
309 344
305 346
305 349
301 348
297 348
291 348
289 355
288 361
287 367
286 368
285 368
284 368
284 368
283 368
283 368
283 370
283 370
282 370
279 371
279 372
279 372
279 372
279 374
279 376
279 378
275 377
274 377
273 377
271 376
269 376
268 376
266 376
263 377
259 375
257 375
256 376
256 376
255 376
253 375
252 374
250 373
250 374
251 374
251 375
251 375
252 376
252 375
252 375
252 375
252 375
252 374
252 373
252 373
244 370
244 370
241 370
243 372
243 378
244 387
245 387
246 387
246 385
246 385
243 382
243 382
242 370
233 363
228 353
221 343
205 326
201 325
201 324
199 315
199 307
198 301
200 294
199 289
204 274
210 270
221 267
234 261
258 255
265 257
272 257
280 259
280 264
282 262
283 262
285 262
289 262
289 261
291 263
288 264
292 271
287 270
285 271
285 274
287 274
289 276
289 275
290 277
293 280
295 280
297 278
301 278
306 279
308 280
309 282
310 283
311 284
313 289
314 291
313 290
313 294
312 296
311 300
310 303
312 304
311 305
312 306
314 307
315 307
317 307
319 308
321 309
323 310
325 310
327 310
329 310
330 310
331 313
332 312
334 312
335 311
334 311
331 315
329 315
325 318
325 320
320 319
319 319
312 327
312 327
313 327
313 325
312 325
310 324
311 324
312 323
313 323
314 323
313 323
313 323
313 323
311 321
310 321
307 321
298 316
292 314
285 313
277 310
273 311
271 311
270 308
265 306
262 299
259 296
256 293
253 291
251 284
249 283
251 282
252 280
253 278
252 276
251 277
252 278
252 281
253 282
252 283
250 286
247 283
246 283
245 282
245 282
244 282
243 282
243 282
242 279
242 278
241 279
241 280
241 281
240 282
239 283
239 283
233 278
226 274
224 272
221 272
219 272
216 274
216 276
212 271
213 268
213 265
213 264
215 263
217 264
220 264
221 265
222 262
222 264
223 265
224 268
225 268
227 268
228 268
228 268
228 268
228 268
228 268
228 268
228 268
228 268
228 268
228 268
228 268
228 268
228 268
228 268
228 268
228 268
246 253
247 254
247 253
247 253
247 253
249 251
250 250
251 250
253 249
256 248
256 246
258 248
259 249
261 249
262 250
262 256
262 259
262 262
261 262
261 263
263 262
263 262
263 262
263 263
269 264
271 265
272 266
274 269
277 270
278 271
279 272
279 272
279 272
281 273
282 274
283 276
287 276
290 276
292 277
294 277
304 284
307 284
309 284
310 284
311 284
311 284
313 284
315 286
317 286
323 284
323 287
327 284
333 290
335 290
336 290
337 291
342 293
344 293
344 294
344 295
344 295
346 295
347 296
348 295
349 296
351 296
353 296
352 296
352 303
352 303
352 303
352 304
352 304
351 303
351 302
350 301
349 300
347 302
345 306
342 307
339 309
336 310
