40 145
40 145
40 145
40 145
40 145
40 145
40 145
40 145
40 145
40 145
40 145
40 145
40 145
40 145
40 145
40 145
40 145
40 145
40 145
39 145
38 145
37 145
37 145
37 145
37 145
38 145
39 145
39 145
39 145
39 145
39 145
39 145
39 145
39 145
39 145
39 145
39 145
39 145
39 145
39 145
39 145
39 145
39 145
39 145
39 145
39 145
39 145
39 145
39 145
39 145
39 145
39 145
39 145
39 145
39 145
39 145
39 145
39 145
39 145
39 145
39 145
39 145
39 145
38 145
37 145
36 145
36 145
36 145
36 145
36 145
37 145
38 145
38 145
38 145
38 145
38 145
38 145
38 145
38 145
38 145
38 145
37 145
36 145
35 145
35 145
36 145
37 145
37 145
37 145
37 145
37 145
36 145
35 145
34 145
33 145
32 145
32 145
32 145
32 145
32 145
32 145
32 145
32 145
31 145
30 145
29 145
29 146
29 147
29 148
29 148
29 148
29 148
29 148
29 148
29 148
29 148
29 148
29 148
29 148
29 148
29 148
29 148
29 147
29 146
29 145
29 145
29 145
29 145
29 145
29 145
30 145
31 145
32 145
33 145
34 145
35 145
36 145
38 145
40 145
41 145
42 145
43 145
45 145
48 145
50 145
52 145
54 145
56 145
57 146
58 147
59 148
60 148
61 148
62 148
63 148
65 148
67 148
69 148
70 148
71 149
72 150
73 151
73 151
73 151
74 151
75 151
76 151
77 151
78 151
79 151
80 152
80 153
80 154
80 155
80 155
80 155
80 155
81 155
82 155
83 155
84 155
85 155
86 155
87 155
88 155
89 155
89 155
89 155
89 155
90 155
91 155
92 155
93 155
94 155
95 155
96 155
97 155
98 155
98 155
98 155
99 156
100 157
101 158
102 158
103 158
104 158
105 158
106 158
107 158
108 158
109 158
109 158
109 158
109 158
109 158
110 158
111 158
112 158
113 158
114 158
115 157
116 156
117 155
118 155
119 155
120 155
122 155
124 155
124 155
124 155
125 155
126 154
127 153
128 152
129 152
130 152
131 152
132 152
133 152
134 151
135 150
136 149
137 149
137 149
137 149
137 149
137 149
137 149
137 149
137 149
137 148
137 147
137 146
137 146
137 146
137 146
137 146
138 146
139 146
140 146
140 146
140 145
140 144
140 143
140 143
140 143
140 143
140 143
140 143
141 143
142 143
143 143
144 143
144 143
144 143
144 142
144 141
144 140
145 140
146 140
147 140
148 140
148 140
148 140
148 140
148 140
148 139
148 138
148 137
149 137
150 137
151 137
152 137
152 137
152 137
151 137
150 137
150 137
150 137
150 136
150 135
151 134
152 133
153 133
154 133
155 133
156 133
157 133
158 132
160 131
163 130
166 127
167 125
169 123
172 121
176 119
180 117
184 114
186 111
188 108
191 105
195 101
200 97
205 93
207 90
209 88
211 86
213 84
215 83
217 82
219 82
220 82
221 82
222 82
223 82
224 82
225 82
225 82
225 82
225 82
225 81
225 80
225 79
225 79
225 79
225 79
225 79
225 79
225 79
225 79
225 79
225 78
225 77
225 76
225 76
225 76
225 76
225 77
225 78
225 79
225 80
225 81
225 82
225 83
225 84
225 85
225 86
225 87
225 88
224 89
223 90
222 92
221 93
221 94
