420 262
420 262
422 262
422 262
419 260
419 260
418 261
418 261
417 261
417 261
416 262
416 262
416 262
416 262
416 263
416 263
416 262
416 262
416 262
416 262
416 262
416 262
416 262
416 262
417 262
417 262
418 261
418 261
418 261
418 261
418 261
418 261
418 261
418 261
418 261
418 261
418 261
418 261
418 261
418 261
418 261
418 261
418 261
418 261
418 260
418 260
418 259
418 259
418 260
418 260
418 261
418 261
418 261
418 261
418 261
418 261
418 261
418 261
418 261
418 261
418 260
418 260
418 259
418 259
418 260
418 260
418 260
418 260
417 258
417 258
417 257
417 257
417 256
417 256
417 258
417 258
418 260
418 260
418 261
418 261
418 261
418 261
419 261
419 261
420 262
420 262
420 262
420 262
420 261
420 261
420 261
420 261
420 260
420 260
420 260
420 260
420 260
420 260
420 260
420 260
420 260
420 260
420 261
420 261
420 262
420 262
420 261
420 261
420 261
420 261
420 260
420 260
420 260
420 260
420 260
420 260
420 261
420 261
420 261
420 261
420 261
420 261
420 261
420 261
420 260
420 260
420 260
420 260
420 260
420 260
420 260
420 260
420 260
420 260
420 260
420 260
420 260
420 260
420 260
420 260
420 260
420 260
420 260
420 260
420 260
420 260
420 260
420 260
420 261
420 261
420 261
420 261
420 261
420 261
420 261
420 261
420 262
420 262
421 263
421 263
421 263
421 263
421 262
421 262
421 261
421 261
421 260
421 260
421 261
421 261
421 262
421 262
421 262
421 262
421 262
421 262
421 261
421 261
421 261
421 261
421 261
421 261
421 260
421 260
421 260
421 260
420 259
420 259
421 258
421 258
421 260
421 260
422 260
422 260
425 262
425 262
425 261
425 261
425 261
425 261
424 262
424 262
424 261
424 261
424 260
424 260
424 260
424 260
424 260
424 260
425 262
425 262
424 262
424 262
422 262
422 262
420 263
420 263
420 262
420 262
421 262
421 262
422 261
422 261
422 261
422 261
422 261
422 261
422 261
422 261
422 261
422 261
421 262
421 262
421 262
421 262
419 263
419 263
419 263
419 263
419 263
419 263
419 263
419 263
421 263
421 263
422 263
422 263
423 264
423 264
422 263
422 263
422 262
422 262
421 262
421 262
422 263
422 263
421 262
421 262
420 260
420 260
420 259
420 259
420 259
420 259
421 261
421 261
421 263
421 263
421 263
421 263
421 264
421 264
421 263
421 263
421 263
421 263
420 260
420 260
416 259
416 259
414 257
414 257
422 259
422 259
422 261
422 261
423 262
423 262
426 263
426 263
429 265
429 265
430 265
430 265
429 265
429 265
429 264
429 264
425 264
425 264
421 260
421 260
422 262
422 262
423 263
423 263
426 264
426 264
425 261
425 261
425 261
425 261
425 260
425 260
426 261
426 261
426 262
426 262
419 264
419 264
414 270
414 270
416 272
416 272
421 264
421 264
423 264
423 264
424 264
424 264
427 264
427 264
427 260
427 260
426 260
426 260
425 260
425 260
425 261
425 261
426 262
426 262
426 263
426 263
427 263
427 263
426 263
426 263
426 262
426 262
429 261
429 261
426 261
426 261
427 263
427 263
429 264
429 264
430 266
430 266
430 266
430 266
433 265
433 265
429 263
429 263
426 261
426 261
424 261
424 261
427 262
427 262
429 264
429 264
425 263
425 263
423 262
423 262
422 261
422 261
422 261
422 261
424 261
424 261
425 262
425 262
427 263
427 263
425 262
425 262
422 264
422 264
423 265
423 265
425 265
425 265
424 265
424 265
427 263
427 263
422 264
422 264
423 264
423 264
426 263
426 263
426 263
426 263
422 261
422 261
423 262
423 262
422 262
422 262
419 262
419 262
420 264
420 264
422 265
422 265
424 266
424 266
426 268
426 268
422 267
422 267
418 269
418 269
417 270
417 270
418 272
418 272
414 273
414 273
416 276
416 276
419 279
419 279
419 281
419 281
420 281
420 281
421 281
421 281
416 281
416 281
418 283
418 283
416 287
416 287
414 290
414 290
412 294
412 294
409 296
409 296
410 301
410 301
410 302
410 302
410 305
410 305
410 307
410 307
411 308
411 308
411 310
411 310
411 312
411 312
411 313
411 313
410 314
410 314
409 316
409 316
409 318
409 318
410 319
410 319
411 321
411 321
411 322
411 322
404 324
404 324
404 327
404 327
404 328
404 328
401 331
401 331
401 334
401 334
401 334
401 334
400 336
400 336
402 338
402 338
403 340
403 340
402 342
402 342
402 343
402 343
401 344
401 344
398 343
398 343
401 344
401 344
397 346
397 346
401 347
401 347
397 348
397 348
394 349
394 349
396 350
396 350
398 353
398 353
400 355
400 355
400 356
400 356
401 356
401 356
401 357
401 357
400 358
400 358
397 358
397 358
397 358
397 358
396 359
396 359
397 360
397 360
396 360
396 360
397 359
397 359
402 359
402 359
401 359
401 359
403 358
403 358
402 357
402 357
402 357
402 357
401 358
401 358
402 357
402 357
398 357
398 357
398 357
398 357
397 358
397 358
398 357
398 357
398 358
398 358
401 357
401 357
403 358
403 358
406 357
406 357
402 357
402 357
403 358
403 358
403 358
403 358
401 359
401 359
400 359
400 359
402 359
402 359
403 358
403 358
403 359
403 359
403 358
403 358
404 357
404 357
407 357
407 357
407 360
407 360
409 360
409 360
411 361
411 361
412 361
412 361
413 361
413 361
394 353
394 353
395 353
395 353
395 353
395 353
397 352
397 352
397 350
397 350
396 346
396 346
400 346
400 346
402 345
402 345
401 344
401 344
397 344
397 344
399 345
399 345
400 345
400 345
395 344
395 344
400 343
400 343
402 343
402 343
395 343
395 343
394 342
394 342
399 344
399 344
401 343
401 343
405 343
405 343
412 345
412 345
415 344
415 344
417 343
417 343
411 342
411 342
410 343
410 343
411 344
411 344
415 343
415 343
415 345
415 345
415 345
415 345
416 346
416 346
417 347
417 347
417 348
417 348
417 348
417 348
417 348
417 348
421 349
421 349
427 350
427 350
426 348
426 348
425 350
425 350
429 350
429 350
429 349
429 349
430 348
430 348
431 346
431 346
432 344
432 344
432 343
432 343
432 344
432 344
432 344
432 344
434 344
434 344
437 344
437 344
439 344
439 344
439 344
439 344
438 344
438 344
439 344
439 344
438 343
438 343
435 343
435 343
433 343
433 343
437 342
437 342
437 344
437 344
438 344
438 344
438 344
438 344
437 343
437 343
444 342
444 342
441 343
441 343
441 343
441 343
440 344
440 344
440 344
440 344
440 345
440 345
445 343
445 343
446 342
446 342
446 342
