200 289
198 288
196 287
197 286
198 285
199 285
202 285
204 285
203 286
200 288
198 288
198 288
199 288
199 288
199 288
199 288
199 288
199 288
199 289
201 288
203 287
205 287
205 287
202 288
199 289
197 290
197 289
199 286
199 286
199 288
199 288
199 288
199 288
199 288
199 288
199 289
200 288
201 288
202 288
201 289
200 290
199 291
198 291
199 290
201 289
200 288
199 288
198 288
198 286
198 286
198 288
198 287
198 288
198 289
198 289
198 289
198 289
198 289
198 289
198 289
198 289
198 289
198 289
198 289
198 289
198 289
198 289
198 289
199 287
199 286
198 287
197 289
196 289
198 286
198 286
198 288
198 290
198 292
200 291
203 289
201 287
199 287
197 288
197 288
197 288
197 288
199 288
198 288
195 288
193 288
194 287
195 288
198 288
201 288
199 290
197 292
195 294
193 294
193 292
193 290
192 290
191 291
190 292
190 292
191 292
192 292
193 293
194 291
193 291
192 291
190 292
190 292
190 292
190 292
190 292
190 292
190 292
189 293
189 293
188 293
187 293
185 293
183 293
183 293
184 294
185 295
188 294
190 293
188 294
187 294
184 294
184 294
184 295
186 294
188 299
188 299
188 299
188 299
188 299
188 299
188 299
188 299
190 301
190 302
190 302
190 302
191 304
191 304
192 305
191 306
191 306
191 306
191 307
191 308
191 308
191 309
191 310
191 310
191 311
190 312
189 313
189 314
189 314
189 313
188 313
187 314
187 314
187 315
186 314
185 314
185 314
183 317
182 318
181 323
181 324
181 325
180 325
180 325
179 325
177 325
176 327
176 326
175 327
175 326
173 327
173 326
172 327
172 328
172 329
171 329
171 328
170 333
169 335
168 334
167 335
167 337
167 342
167 344
167 347
167 347
167 350
167 351
167 351
167 352
167 351
164 350
164 351
163 352
163 351
159 350
159 349
159 348
158 350
158 349
156 349
155 351
154 352
154 353
153 358
153 357
153 356
153 355
153 355
153 353
153 351
151 350
150 347
150 343
150 345
149 345
148 345
148 343
148 343
146 341
145 341
145 340
145 340
145 343
145 343
143 343
143 342
143 342
143 341
143 340
143 339
143 338
143 336
142 333
141 332
140 332
139 331
136 330
136 328
135 328
134 328
134 325
134 324
130 325
129 325
129 325
128 325
128 324
128 324
128 324
126 323
126 322
126 321
126 320
126 320
122 319
121 318
121 316
122 314
121 313
121 312
121 311
121 310
121 309
121 308
120 308
119 307
118 306
118 305
118 305
117 305
117 305
117 304
116 304
115 304
115 304
115 303
115 302
114 302
114 302
113 302
113 301
113 300
114 299
113 299
112 298
111 298
111 295
109 295
109 293
112 291
116 289
118 288
119 287
118 284
120 281
122 280
124 279
127 276
130 274
134 269
138 263
140 258
140 254
140 252
144 249
151 242
157 236
163 230
166 225
167 222
164 221
163 219
165 217
169 213
175 210
175 209
173 210
172 210
175 209
176 208
177 207
178 208
176 209
175 210
177 207
179 204
178 202
177 202
174 203
173 204
174 201
176 199
177 197
174 197
175 197
175 197
175 197
177 194
176 193
175 193
174 193
173 193
170 193
168 193
168 193
171 192
172 193
174 192
174 192
174 192
176 191
173 193
171 195
169 198
169 198
166 199
166 199
166 199
166 199
