185 324
185 324
184 323
184 323
184 323
184 323
185 323
185 323
184 323
184 323
184 324
184 324
184 323
184 323
184 323
184 323
184 324
184 324
184 324
184 324
184 325
184 325
184 325
184 325
184 324
184 324
185 323
185 323
185 322
185 322
185 322
185 322
185 322
185 322
185 322
185 322
185 323
185 323
185 322
185 322
185 321
185 321
185 321
185 321
186 322
186 322
186 322
186 322
186 323
186 323
185 323
185 323
185 324
185 324
185 323
185 323
185 323
185 323
185 323
185 323
186 322
186 322
186 322
186 322
186 322
186 322
186 323
186 323
182 322
182 322
182 321
182 321
183 321
183 321
182 321
182 321
180 321
180 321
180 322
180 322
180 322
180 322
179 322
179 322
180 322
180 322
181 321
181 321
182 321
182 321
184 319
184 319
185 318
185 318
185 318
185 318
185 317
185 317
178 315
178 315
178 316
178 316
178 317
178 317
177 317
177 317
176 318
176 318
177 318
177 318
177 317
177 317
178 317
178 317
177 318
177 318
176 318
176 318
176 318
176 318
176 317
176 317
176 318
176 318
176 320
176 320
176 320
176 320
176 320
176 320
174 321
174 321
174 320
174 320
173 320
173 320
172 321
172 321
172 321
172 321
172 321
172 321
171 323
171 323
171 324
171 324
172 322
172 322
173 321
173 321
174 320
174 320
174 321
174 321
174 321
174 321
173 321
173 321
172 321
172 321
174 319
174 319
175 318
175 318
176 318
176 318
176 317
176 317
176 318
176 318
175 318
175 318
175 318
175 318
175 319
175 319
176 318
176 318
175 320
175 320
175 319
175 319
176 319
176 319
177 318
177 318
178 317
178 317
178 317
178 317
177 317
177 317
178 318
178 318
176 319
176 319
177 318
177 318
176 318
176 318
177 318
177 318
178 318
178 318
179 318
179 318
179 318
179 318
178 318
178 318
177 318
177 318
177 318
177 318
177 317
177 317
176 318
176 318
176 318
176 318
176 317
176 317
177 317
177 317
177 317
177 317
177 318
177 318
177 318
177 318
177 318
177 318
176 318
176 318
176 319
176 319
176 319
176 319
176 319
176 319
176 319
176 319
176 319
176 319
183 320
183 320
183 320
183 320
184 319
184 319
184 320
184 320
184 319
184 319
184 319
184 319
184 319
184 319
183 320
183 320
184 320
184 320
184 321
184 321
183 323
183 323
182 323
182 323
182 320
182 320
182 321
182 321
182 321
182 321
182 322
182 322
183 322
183 322
183 320
183 320
181 319
181 319
180 319
180 319
185 318
185 318
185 319
185 319
176 320
176 320
176 321
176 321
182 321
182 321
184 320
184 320
184 317
184 317
184 317
184 317
181 317
181 317
181 317
181 317
173 315
173 315
177 318
177 318
180 318
180 318
175 317
175 317
174 320
174 320
182 320
182 320
181 318
181 318
173 318
173 318
175 310
175 310
156 296
156 296
154 296
154 296
168 315
168 315
165 316
165 316
164 316
164 316
167 318
167 318
163 315
163 315
164 315
164 315
150 314
150 314
157 314
157 314
163 314
163 314
168 314
168 314
174 315
174 315
176 313
176 313
178 310
178 310
194 312
194 312
194 311
194 311
193 311
193 311
191 309
191 309
187 310
187 310
189 309
189 309
185 305
185 305
188 303
188 303
189 303
189 303
193 299
193 299
194 298
194 298
194 297
194 297
192 295
192 295
200 291
200 291
213 290
213 290
222 289
222 289
221 292
221 292
227 290
227 290
224 291
224 291
224 291
224 291
221 292
221 292
225 294
225 294
223 294
223 294
223 292
223 292
226 292
226 292
226 292
226 292
222 290
222 290
223 290
223 290
227 292
227 292
221 291
221 291
218 291
218 291
222 293
222 293
221 291
221 291
217 293
217 293
221 295
221 295
220 297
220 297
221 297
221 297
213 299
213 299
212 304
212 304
203 306
203 306
204 308
204 308
203 311
203 311
201 316
201 316
199 318
199 318
199 319
199 319
199 321
199 321
200 322
200 322
200 323
200 323
197 326
197 326
199 328
199 328
197 329
197 329
202 331
202 331
201 332
201 332
201 332
201 332
200 335
200 335
193 337
193 337
194 340
194 340
194 341
194 341
194 342
194 342
192 343
192 343
192 346
192 346
191 349
191 349
191 350
191 350
192 352
192 352
193 354
193 354
194 355
194 355
193 357
193 357
192 360
192 360
190 363
190 363
198 362
198 362
203 362
203 362
208 362
208 362
207 362
207 362
213 362
213 362
221 364
221 364
222 364
222 364
223 365
223 365
227 366
227 366
227 367
227 367
227 369
227 369
226 369
226 369
226 371
226 371
226 372
226 372
225 372
225 372
238 375
238 375
246 376
246 376
252 377
252 377
254 377
254 377
258 377
258 377
258 376
258 376
264 375
264 375
276 372
276 372
275 372
275 372
297 371
297 371
297 372
297 372
303 373
303 373
302 373
302 373
308 371
308 371
316 369
316 369
313 369
313 369
316 369
316 369
317 370
317 370
317 370
317 370
316 371
316 371
316 371
316 371
316 372
316 372
316 372
316 372
316 372
316 372
316 372
316 372
316 373
316 373
319 373
319 373
321 373
321 373
323 373
323 373
323 374
323 374
325 375
325 375
325 376
325 376
324 377
324 377
323 377
323 377
326 377
326 377
326 376
326 376
326 376
326 376
327 376
327 376
327 375
327 375
331 375
331 375
333 377
333 377
335 377
335 377
337 378
337 378
339 379
339 379
339 379
339 379
342 380
342 380
342 381
342 381
364 354
364 354
362 351
362 351
361 351
361 351
359 355
359 355
363 357
363 357
364 356
364 356
364 357
364 357
359 355
359 355
358 355
358 355
355 352
355 352
344 354
344 354
354 355
354 355
363 354
363 354
350 357
350 357
350 359
350 359
352 360
352 360
353 359
353 359
362 360
362 360
362 359
362 359
356 359
356 359
359 358
359 358
361 357
361 357
360 358
360 358
358 359
358 359
353 357
353 357
353 357
353 357
353 356
353 356
350 357
350 357
356 354
356 354
357 357
357 357
357 356
357 356
357 356
357 356
348 356
348 356
352 356
352 356
354 354
354 354
356 354
356 354
342 355
342 355
338 355
338 355
339 354
339 354
335 354
335 354
336 353
336 353
336 353
336 353
326 354
326 354
326 354
326 354
328 354
328 354
325 355
325 355
322 355
322 355
327 355
327 355
327 356
327 356
327 356
327 356
325 355
325 355
322 355
322 355
325 354
325 354
325 354
325 354
322 355
322 355
319 355
319 355
294 355
294 355
285 354
285 354
265 355
265 355
259 356
259 356
252 357
252 357
240 357
240 357
243 358
243 358
238 358
238 358
228 358
228 358
248 355
248 355
240 355
