437 136
437 134
439 134
440 135
441 135
441 135
441 135
441 135
441 135
440 135
437 135
437 135
438 135
440 135
442 135
442 135
441 135
440 135
440 135
441 135
443 135
439 135
436 136
433 137
434 136
435 135
434 135
433 135
436 135
436 135
438 136
440 137
438 136
436 136
434 137
434 138
435 139
438 137
439 135
437 134
437 134
438 134
439 135
440 136
441 135
442 134
443 133
444 132
445 131
446 130
450 130
450 130
450 129
450 129
450 129
450 131
450 131
450 130
450 130
450 130
450 130
450 130
450 130
450 130
450 130
450 130
450 130
450 130
450 129
450 130
450 129
450 129
450 130
450 130
450 130
450 132
450 129
450 130
447 129
447 129
447 134
447 130
443 134
439 135
439 135
439 135
439 129
430 132
430 132
432 131
435 128
435 128
438 131
432 131
438 131
435 128
435 128
435 132
435 132
439 133
441 131
439 133
439 133
441 131
441 131
433 132
433 132
433 132
433 132
433 132
433 132
436 129
433 132
433 132
433 132
433 132
433 132
433 132
433 132
433 132
433 132
443 135
443 132
440 131
439 134
435 136
435 136
435 136
435 136
434 136
431 135
430 131
427 134
440 135
442 134
444 133
446 137
442 133
447 135
445 137
446 139
448 141
447 143
460 143
462 142
457 148
453 144
464 148
464 149
462 151
462 151
470 152
460 151
463 155
468 157
464 157
464 157
469 153
470 158
472 159
473 160
474 161
475 162
476 163
477 164
476 165
480 163
478 169
478 169
476 167
479 171
485 172
480 172
484 172
487 170
481 174
486 176
488 176
488 176
493 182
485 178
491 180
493 179
496 180
499 183
506 182
502 184
506 182
504 185
507 184
514 188
510 188
507 189
509 190
510 193
516 196
520 195
520 195
515 197
520 199
519 200
525 204
529 202
532 204
533 204
539 205
542 204
539 208
536 211
549 212
549 212
549 214
545 215
546 218
553 215
549 217
552 219
552 219
554 220
560 219
569 222
563 223
566 222
565 224
561 225
575 227
571 226
579 230
579 230
577 232
579 232
582 233
589 229
587 233
585 229
591 232
590 236
582 234
590 232
587 233
588 237
590 239
590 239
591 239
591 236
597 235
597 235
600 239
595 236
589 238
586 241
586 241
591 240
589 237
591 239
593 235
586 236
588 237
590 237
590 240
588 235
585 243
585 236
585 236
585 236
580 237
596 239
596 239
590 240
590 240
590 240
590 240
595 243
595 243
590 240
587 238
587 238
587 238
556 236
588 238
587 238
587 238
587 238
561 239
594 240
592 238
603 243
567 239
567 239
584 240
565 239
590 241
584 234
604 239
604 239
590 239
589 238
584 238
561 236
587 243
587 243
589 242
593 239
592 239
585 239
584 237
586 238
593 241
600 246
601 240
589 238
593 235
590 235
600 238
600 232
599 233
606 233
608 227
608 227
612 228
614 221
629 226
630 223
643 228
633 223
641 222
635 216
639 215
639 223
639 213
639 213
637 211
637 218
639 213
639 213
638 212
638 212
633 211
641 212
634 210
630 207
628 205
628 205
628 205
642 211
626 204
633 206
627 201
627 201
624 201
622 198
621 196
617 203
613 196
613 196
613 196
621 203
621 201
617 202
612 199
612 199
615 202
617 206
610 198
610 203
601 198
601 198
596 198
605 209
599 199
604 208
592 196
592 196
591 201
