238 140
238 140
238 140
238 140
238 140
238 140
238 140
238 140
238 140
237 140
237 140
237 140
236 139
237 138
237 138
237 138
237 138
235 140
235 139
234 138
234 138
234 138
235 138
235 138
235 138
235 138
235 138
234 139
234 139
234 139
234 139
234 139
233 140
233 140
233 140
232 140
232 140
232 140
232 140
232 140
231 141
231 141
231 141
231 141
230 142
229 143
229 144
229 145
229 145
228 146
228 146
227 147
228 148
227 150
226 153
226 154
226 154
225 157
225 161
224 163
224 166
224 170
224 173
223 176
222 178
220 181
219 185
219 188
218 190
215 194
214 198
214 198
212 200
209 203
209 204
209 205
207 206
202 207
199 208
197 208
197 208
193 209
191 209
189 209
186 210
184 210
182 210
181 210
181 210
178 209
176 208
175 207
175 206
170 208
168 208
166 207
163 209
160 210
158 210
155 210
152 210
147 210
143 210
143 208
141 205
138 203
137 201
135 200
132 199
129 198
129 196
128 194
127 194
121 195
119 193
119 193
117 193
115 192
117 191
115 192
115 192
115 192
115 191
115 191
114 192
112 192
112 192
112 192
112 192
113 192
113 193
112 195
112 196
113 197
112 199
113 199
115 199
118 199
121 199
123 198
126 197
130 194
134 190
136 186
137 183
139 179
139 176
140 174
140 171
140 166
141 163
140 160
138 158
136 153
134 150
132 148
131 145
129 144
129 143
130 144
130 144
133 144
135 145
138 145
140 145
143 146
143 146
143 147
143 147
144 146
145 146
144 146
144 146
144 146
144 146
143 146
143 146
141 148
142 148
142 149
142 149
140 150
140 151
139 152
139 153
139 153
138 154
137 156
136 157
133 160
133 160
132 161
129 162
127 163
126 162
125 164
125 164
125 165
124 165
124 165
123 166
123 166
123 166
123 166
122 166
122 166
121 166
121 166
121 166
120 167
119 167
119 167
119 167
118 168
116 168
114 168
113 169
113 169
111 170
111 170
111 170
109 171
107 172
105 173
105 173
105 173
104 173
103 173
101 173
98 173
94 173
92 172
92 172
92 172
92 172
92 172
92 172
88 171
86 170
80 168
75 166
69 164
63 163
61 162
59 159
57 155
56 151
55 149
54 148
55 148
57 146
56 145
56 145
55 146
56 150
56 152
56 155
55 160
53 163
52 164
50 166
47 169
46 170
44 171
44 171
43 172
43 172
42 173
42 173
41 174
41 174
41 174
40 175
38 177
38 177
38 177
38 177
38 177
38 177
38 177
40 180
41 181
44 184
45 185
47 187
51 191
55 194
59 197
63 199
69 202
74 203
77 202
80 203
83 203
84 204
85 204
86 204
90 203
91 203
91 204
94 204
97 203
98 201
99 201
101 200
103 199
106 198
108 198
109 197
111 196
113 195
114 195
115 194
117 193
119 193
121 193
123 193
126 193
127 193
129 193
130 193
133 193
134 194
135 194
136 194
137 195
138 197
138 197
138 197
138 198
138 198
138 198
138 198
137 199
138 199
138 199
138 201
139 202
140 201
140 201
140 201
140 201
140 201
140 201
140 201
141 201
141 201
141 201
141 201
143 201
143 202
143 202
144 204
145 205
145 205
145 205
145 205
145 205
145 205
146 204
147 204
148 205
149 205
149 205
150 205
151 205
152 205
153 204
153 204
153 204
153 204
154 203
156 202
156 202
157 201
157 201
157 201
158 201
159 201
159 201
159 201
159 201
159 201
159 201
159 201
158 201
157 201
156 201
155 200
155 200
155 200
