317 172
317 173
317 173
317 173
317 173
317 173
317 173
317 173
317 173
318 173
318 173
318 172
318 172
318 172
318 172
319 173
319 173
319 173
319 173
319 173
319 173
319 173
319 173
319 173
319 173
319 173
319 173
319 173
319 173
319 173
319 173
319 173
319 173
318 172
318 172
317 172
317 172
317 172
317 172
317 172
317 173
317 173
318 173
318 174
318 174
318 175
318 175
318 175
318 175
318 175
318 175
318 175
318 175
318 175
318 175
318 175
318 175
318 175
318 175
318 175
318 175
318 175
318 175
318 175
319 176
319 176
319 177
319 179
319 180
319 180
320 181
321 182
322 183
322 184
322 185
322 186
322 186
322 186
322 186
322 186
321 187
321 188
320 189
320 190
320 191
319 191
318 192
316 196
317 197
318 199
318 201
318 203
318 209
318 213
318 215
318 218
318 221
318 224
318 227
318 231
318 234
318 236
318 236
317 238
315 240
313 242
311 246
312 248
312 251
313 252
314 252
314 253
315 253
314 253
314 253
313 253
312 253
311 253
310 253
309 253
308 253
307 253
306 253
305 253
305 253
306 254
306 254
306 254
306 254
306 254
305 254
304 254
303 254
302 255
302 255
302 255
303 255
304 255
304 255
304 255
304 255
305 255
306 255
310 255
312 255
313 255
314 255
315 255
316 255
317 255
318 256
319 256
320 256
322 256
324 256
328 256
329 256
330 256
332 256
334 256
335 255
336 255
337 255
338 254
339 253
338 253
337 254
337 255
337 255
337 255
337 254
336 254
335 254
334 254
333 254
332 254
331 254
331 254
331 253
330 253
330 253
329 254
329 254
329 254
328 254
327 254
324 255
323 255
322 257
321 257
321 258
322 259
323 260
323 261
322 261
322 262
322 262
323 263
323 263
323 262
324 262
325 262
326 262
325 262
326 263
326 263
326 264
327 265
327 266
327 267
329 268
329 269
330 268
329 267
328 266
328 266
327 265
328 262
327 260
329 256
325 247
324 244
325 244
321 235
317 230
317 226
315 223
313 220
313 219
311 217
308 214
308 212
305 209
305 208
302 205
300 203
299 202
298 197
297 192
296 191
297 191
297 190
298 190
298 191
299 192
300 191
300 191
300 192
301 193
302 194
303 194
304 195
303 194
302 195
302 196
302 197
301 197
300 198
301 197
300 196
299 195
298 195
297 195
296 195
295 195
295 196
294 197
293 198
292 199
292 199
292 198
292 198
293 197
292 198
292 198
291 198
291 198
291 199
288 202
285 205
285 207
284 208
283 210
282 211
283 212
282 213
282 214
281 214
280 214
278 214
277 214
276 214
275 215
274 216
275 215
276 216
277 216
278 216
279 217
280 217
280 218
280 216
280 215
281 216
280 217
281 218
282 218
286 218
288 219
288 220
290 220
292 219
293 218
295 217
295 216
296 216
297 217
298 216
297 215
296 214
296 214
296 215
296 215
297 215
297 215
296 216
296 216
297 217
296 218
295 219
294 220
293 221
293 221
293 220
293 220
293 219
293 218
294 217
296 216
296 217
296 217
295 218
294 219
293 220
293 221
294 221
291 218
288 216
287 215
284 217
282 218
280 217
278 215
279 213
278 214
278 214
278 214
277 213
276 212
275 213
274 214
274 214
274 214
273 213
272 213
272 213
272 213
272 213
272 213
272 213
272 213
272 213
272 213
257 185
257 185
256 186
256 187
257 186
256 185
256 186
256 186
256 186
256 187
255 188
251 191
248 195
250 197
250 197
251 196
252 197
252 197
252 197
253 197
256 200
258 202
260 204
261 205
261 207
262 208
263 213
265 214
265 214
266 214
267 214
268 215
271 214
274 213
275 213
275 213
275 213
275 213
277 214
277 214
288 213
289 212
290 212
290 212
293 214
315 218
317 219
319 219
321 220
326 224
338 229
340 231
343 234
345 233
348 236
365 236
366 237
368 235
378 236
377 236
378 237
383 240
386 242
388 240
391 242
394 243
396 245
397 246
398 247
397 246
396 247
396 245
396 244
396 243
397 244
398 245
399 246
400 247
400 248
401 248
400 248
399 249
399 250
398 249
398 248
397 247
396 248
397 250
397 250
396 249
396 249
396 250
396 250
396 250
397 249
398 248
399 247
400 246
401 245
400 245
400 245
399 246
399 246
399 247
399 247
399 247
400 246
401 246
402 245
403 246
404 247
405 248
406 247
407 248
408 250
411 253
413 255
413 256
413 257
413 258
412 259
410 261
410 263
410 264
410 265
411 265
410 265
411 266
412 268
412 269
411 270
411 270
411 270
410 271
408 276
408 277
409 278
409 279
410 280
411 280
410 280
408 282
406 284
405 285
404 286
404 286
403 287
403 289
402 290
402 291
404 291
404 292
403 292
403 293
403 293
404 293
404 294
403 295
402 296
402 297
403 298
404 299
403 299
402 300
401 301
400 301
398 303
398 304
397 305
396 306
395 308
394 309
393 308
391 309
390 309
390 309
390 309
389 309
389 309
389 309
388 310
386 311
385 311
385 311
384 311
384 312
383 312
383 312
383 312
383 312
383 313
383 314
383 314
383 315
384 315
384 315
384 315
384 316
384 317
383 317
382 317
382 318
382 319
382 320
381 320
380 320
380 320
381 321
381 321
381 322
381 322
381 323
380 323
379 324
379 324
379 324
379 324
379 324
379 324
379 324
379 324
379 324
379 324
379 324
379 324
