379 138
380 138
380 138
380 138
380 138
380 138
380 138
380 138
380 138
380 138
380 137
380 136
380 136
380 136
380 136
381 136
382 137
382 136
382 136
382 135
383 136
383 136
383 136
384 136
384 136
384 136
384 136
384 136
384 136
384 136
384 136
384 136
384 136
385 137
385 137
385 137
385 137
385 137
386 138
387 138
387 138
387 138
388 139
389 140
389 140
390 141
391 142
392 143
392 144
392 144
392 146
393 146
394 147
393 148
392 149
394 153
394 154
394 157
394 159
394 162
394 164
396 171
397 174
397 175
396 177
396 181
396 183
396 185
396 188
396 194
395 195
396 197
396 199
396 201
397 202
396 203
396 204
396 205
395 205
392 204
392 205
392 205
391 204
390 204
389 204
388 203
387 203
386 203
386 203
386 203
386 203
387 203
386 202
387 203
388 204
388 204
387 205
387 205
386 204
386 204
387 203
386 202
386 201
385 200
386 200
384 198
383 197
382 196
381 196
380 195
381 196
382 196
382 196
382 195
383 195
384 195
380 192
379 191
378 190
378 189
377 188
376 188
375 188
374 188
374 189
374 189
372 188
371 187
369 188
372 190
373 191
374 192
373 192
372 193
373 195
376 198
377 199
376 199
375 198
374 197
373 196
371 193
370 190
369 187
368 185
362 177
359 174
357 172
356 169
351 164
348 160
344 155
340 152
332 146
332 146
328 144
325 142
324 141
322 141
316 139
314 139
312 138
311 139
310 138
309 137
308 138
309 139
309 140
309 140
309 140
309 140
309 140
309 140
310 140
310 140
310 140
310 140
308 141
307 141
307 142
307 142
306 142
306 142
306 142
307 145
307 146
303 148
304 149
304 150
303 151
303 152
303 153
301 154
301 155
301 157
302 158
303 159
302 160
302 160
302 160
303 161
303 161
301 160
300 161
299 160
298 160
297 160
296 159
296 159
294 159
292 159
291 160
290 159
289 159
289 159
288 159
287 159
287 160
286 160
285 161
284 161
283 162
282 161
281 162
280 162
279 163
276 163
275 163
274 163
273 162
272 163
271 164
270 164
269 164
267 164
266 163
266 163
266 163
264 160
262 158
259 157
250 151
249 150
247 149
246 145
244 142
243 141
242 136
241 134
240 133
239 133
238 133
237 134
236 135
235 137
235 139
235 142
238 147
239 150
239 151
238 153
237 154
236 155
236 155
237 157
238 157
239 159
238 160
237 161
237 161
238 161
238 161
238 161
238 162
238 163
239 163
239 164
241 167
242 170
243 172
244 173
246 174
247 176
248 178
250 180
253 182
256 185
258 187
260 188
262 190
265 191
267 192
269 193
270 193
272 193
274 193
276 194
279 193
280 193
281 193
282 193
283 192
284 192
284 192
285 192
286 192
287 191
288 191
293 191
294 190
295 190
297 189
299 189
302 189
303 189
304 188
304 189
305 189
308 187
310 186
311 187
311 188
312 188
314 189
315 190
317 191
318 192
319 194
320 195
321 195
322 196
324 197
325 196
326 196
328 197
330 198
333 199
335 198
335 198
336 199
337 199
338 199
338 200
339 201
339 200
340 199
341 200
342 201
344 201
346 201
348 201
350 201
352 199
353 199
354 199
356 200
355 200
356 200
357 200
358 200
358 199
359 200
362 201
364 200
364 199
365 200
366 200
368 200
369 199
373 198
377 198
378 198
377 196
378 196
377 196
378 195
378 195
379 194
379 194
379 194
379 194
381 193
382 192
382 192
384 192
385 191
393 192
395 194
397 195
399 195
400 195