455 165
454 164
453 163
453 162
454 162
455 162
456 162
457 162
457 162
457 162
457 162
457 162
457 162
458 162
459 162
460 162
461 162
462 162
463 162
463 162
463 162
463 162
463 162
464 162
465 162
466 162
467 162
468 162
468 162
468 162
468 162
469 163
470 164
471 165
472 166
473 166
474 166
475 166
475 166
475 166
475 166
475 167
476 168
477 169
478 169
479 169
480 169
481 169
482 170
483 172
484 174
485 176
485 176
485 176
485 177
485 179
485 181
486 184
487 188
488 192
489 195
490 198
491 201
492 204
493 207
494 210
494 213
494 216
494 219
495 223
496 227
497 230
498 233
499 235
500 236
501 237
500 237
499 237
498 238
498 239
498 240
499 240
500 240
501 240
502 241
503 242
504 243
505 244
506 244
507 244
507 244
507 244
507 244
507 244
508 245
509 246
510 247
511 248
512 248
513 248
513 247
514 246
515 245
514 244
513 243
513 242
513 241
514 241
515 241
516 241
517 241
518 241
519 241
520 241
521 241
522 241
523 241
524 241
524 241
524 241
524 241
524 242
524 243
524 244
524 245
525 246
526 246
527 246
528 246
529 247
530 248
531 249
532 250
533 252
534 254
535 256
534 256
531 255
527 253
523 251
520 249
515 245
510 240
505 235
501 230
495 224
489 218
484 213
479 209
472 204
466 199
461 195
456 192
448 187
440 182
434 178
430 175
426 173
422 172
419 172
418 173
418 174
418 175
418 176
418 177
418 178
418 178
418 178
419 178
420 178
421 178
422 179
423 180
424 181
424 182
424 183
424 183
424 183
424 183
424 183
424 183
424 183
424 184
424 185
424 186
424 187
424 188
424 189
424 190
424 191
424 192
424 193
424 194
422 195
420 196
419 196
419 196
420 196
421 196
422 196
423 196
424 196
425 196
425 196
425 196
425 196
425 196
425 196
425 196
425 196
424 196
423 196
422 196
421 196
420 196
420 196
420 196
420 196
419 196
418 196
417 196
416 196
415 196
414 196
413 196
412 196
411 196
410 196
409 196
407 196
405 196
403 195
401 194
399 193
397 193
395 193
393 193
389 191
385 188
382 185
380 183
376 180
372 177
369 175
367 173
366 169
365 165
365 162
365 160
366 159
367 159
368 160
368 161
368 163
368 165
368 167
368 170
367 174
366 177
365 179
364 180
361 181
358 182
356 183
355 184
355 185
356 186
357 187
358 188
359 189
360 190
361 191
362 191
363 191
364 192
365 194
366 196
368 199
370 202
372 204
374 205
376 206
378 208
380 210
382 212
385 214
388 216
391 218
392 220
395 222
398 223
401 226
402 226
403 227
404 227
405 227
406 227
408 228
409 229
409 230
410 231
413 228
414 228
415 228
416 228
417 229
418 230
419 229
420 228
421 227
422 227
423 227
424 227
425 227
426 227
427 227
428 227
430 227
432 227
434 227
436 227
438 227
439 228
440 229
441 230
442 232
443 234
444 235
445 236
446 237
447 238
448 239
449 239
451 239
453 239
454 240
454 241
454 242
455 243
457 244
459 245
461 245
463 245
464 245
465 245
466 245
467 245
469 245
471 245
473 246
475 247
477 248
479 249
481 250
483 250
484 250
485 250
487 250
489 250
491 250
493 250
495 250
497 250
499 250
501 250
503 250
505 251
508 252
510 253
512 252
514 251
516 250
518 250
520 250
522 250
524 250
526 250
529 250
532 250
534 250
536 250
538 250
540 250
542 250
544 250
546 250
548 250
549 250
550 250
552 250
554 250