316 171
316 171
316 170
316 170
316 169
316 169
316 169
316 169
316 169
316 169
316 169
316 169
316 169
316 169
316 169
316 169
316 169
316 169
316 169
316 169
316 169
316 169
316 169
316 169
316 169
316 169
316 169
316 169
316 169
316 169
316 169
316 169
316 169
316 170
317 170
317 171
317 171
317 171
317 171
317 171
317 171
317 171
317 171
317 171
317 172
317 173
317 174
317 175
317 175
317 175
317 176
317 176
317 177
317 178
317 180
317 182
317 183
317 185
317 187
317 189
317 189
317 190
317 190
317 191
317 191
317 192
317 193
317 194
317 195
317 199
317 204
316 210
316 214
315 218
314 223
313 227
311 231
310 234
309 236
308 238
307 239
306 240
306 241
305 241
305 242
304 242
303 243
302 244
301 245
301 245
301 245
301 245
301 246
301 247
302 248
305 249
308 250
312 252
314 252
315 253
317 253
318 253
319 253
320 253
324 253
328 252
332 251
334 250
335 250
335 250
335 250
335 250
335 250
335 250
334 250
334 250
333 250
333 250
332 250
331 250
331 250
329 250
326 251
323 252
322 253
321 253
321 254
321 254
321 254
321 255
321 255
321 256
321 256
321 256
322 256
322 257
323 258
324 259
324 260
324 260
324 260
324 260
324 260
324 260
324 260
324 260
324 260
324 260
324 260
324 260
324 260
324 260
324 260
324 260
324 260
324 260
320 246
314 229
307 209
305 202
302 196
301 194
300 192
299 191
299 191
299 191
298 191
298 191
298 191
298 191
298 191
297 191
297 191
296 191
296 191
295 191
294 191
293 192
292 192
291 193
290 195
289 196
288 198
287 199
286 200
285 201
285 203
284 204
284 206
282 207
281 208
279 209
278 210
277 211
276 212
275 213
275 213
275 213
275 213
276 213
276 213
276 213
277 214
278 214
280 215
281 215
284 215
287 216
290 216
291 216
293 216
293 216
294 216
294 215
294 215
294 215
294 215
294 215
294 215
294 215
294 215
294 215
294 215
294 215
293 215
292 215
291 215
290 215
289 215
288 215
288 215
288 215
288 215
288 215
288 215
288 215
288 215
288 215
288 215
288 215
288 215
288 215
288 215
288 215
288 215
288 215
288 215
288 215
282 210
274 203
265 195
262 192
257 191
254 191
250 192
249 192
248 194
247 196
247 198
247 199
247 200
248 200
249 201
251 202
254 204
256 206
258 207
259 208
260 209
261 209
261 209
261 209
261 209
261 209
261 209
261 209
261 209
261 209
261 209
261 209
273 212
288 215
307 220
317 224
326 227
333 230
338 232
343 234
348 236
353 238
357 240
360 241
361 242
362 242
363 243
364 243
364 244
365 244
365 244
366 244
367 244
370 244
373 245
377 245
378 245
379 245
380 245
380 245
380 245
381 245
382 245
383 245
384 245
385 245
386 245
387 245
388 245
388 245
390 245
393 245
396 245
398 245
399 245
401 245
402 246
403 246
403 247
403 247
403 247
404 249
405 252
406 255
407 257
407 258
407 260
407 261
407 265
407 268
407 271
407 273
407 275
407 276
407 277
407 278
406 279
405 280
404 282
403 283
402 285
402 286
402 287
402 288
402 288
402 289
402 289
402 290
401 291
401 291
400 291
399 291
398 292
397 293
396 294
395 295
394 296
393 297
393 297
393 298
392 298
392 298
391 298
390 298
390 299
389 299
389 299
388 299
388 300
387 301
387 302
387 304
386 305
386 305
385 306
385 306
384 306
384 306
383 306
383 306
382 307
383 307
379 312
